unknown 13 2 20 99999
1 1 1 1 1 1 1 1 1 1 1 1 1 
2 2 2 2 2 2 2 2 2 2 2 2 2 
1 10 0 2
0 3
1 14
2 11 4 0 4
0 0 19
0 1 17
1 0 5
1 1 5
3 1 4 9 0 8
0 0 0 15
0 0 1 14
0 1 0 10
0 1 1 10
1 0 0 5
1 0 1 13
1 1 0 5
1 1 1 17
1 1 0 2
0 8
1 7
3 9 10 12 0 8
0 0 0 5
0 0 1 7
0 1 0 4
0 1 1 6
1 0 0 2
1 0 1 19
1 1 0 4
1 1 1 14
3 0 1 12 0 8
0 0 0 6
0 0 1 9
0 1 0 14
0 1 1 10
1 0 0 12
1 0 1 1
1 1 0 15
1 1 1 14
2 2 3 0 4
0 0 19
0 1 13
1 0 6
1 1 9
3 2 3 12 0 8
0 0 0 12
0 0 1 3
0 1 0 7
0 1 1 15
1 0 0 7
1 0 1 5
1 1 0 5
1 1 1 17
1 12 0 2
0 20
1 12
3 10 2 12 0 8
0 0 0 11
0 0 1 13
0 1 0 1
0 1 1 2
1 0 0 0
1 0 1 0
1 1 0 15
1 1 1 1
3 8 2 5 0 8
0 0 0 17
0 0 1 20
0 1 0 16
0 1 1 17
1 0 0 5
1 0 1 9
1 1 0 19
1 1 1 2
2 1 3 0 4
0 0 1
0 1 8
1 0 1
1 1 6
2 3 5 0 4
0 0 17
0 1 18
1 0 2
1 1 20
1 11 0 2
0 17
1 10
3 10 4 6 0 8
0 0 0 8
0 0 1 18
0 1 0 16
0 1 1 10
1 0 0 6
1 0 1 13
1 1 0 19
1 1 1 8
2 1 9 0 4
0 0 18
0 1 6
1 0 11
1 1 5
3 9 5 1 0 8
0 0 0 7
0 0 1 12
0 1 0 15
0 1 1 15
1 0 0 13
1 0 1 5
1 1 0 3
1 1 1 11
1 8 0 2
0 6
1 3
3 1 11 5 0 8
0 0 0 13
0 0 1 20
0 1 0 17
0 1 1 18
1 0 0 17
1 0 1 18
1 1 0 17
1 1 1 12
1 3 0 2
0 9
1 15
