unknown 16 2 26 99999
1 1 1 1 1 1 1 1 1 1 1 1 1 1 1 1 
2 2 2 2 2 2 2 2 2 2 2 2 2 2 2 2 
3 9 1 15 0 8
0 0 0 11
0 0 1 3
0 1 0 7
0 1 1 20
1 0 0 0
1 0 1 6
1 1 0 5
1 1 1 15
3 9 3 6 0 8
0 0 0 20
0 0 1 0
0 1 0 18
0 1 1 6
1 0 0 15
1 0 1 12
1 1 0 19
1 1 1 14
3 10 11 5 0 8
0 0 0 6
0 0 1 16
0 1 0 6
0 1 1 13
1 0 0 0
1 0 1 0
1 1 0 14
1 1 1 8
3 8 12 7 0 8
0 0 0 3
0 0 1 6
0 1 0 19
0 1 1 20
1 0 0 18
1 0 1 2
1 1 0 17
1 1 1 6
1 13 0 2
0 6
1 2
3 8 1 15 0 8
0 0 0 2
0 0 1 19
0 1 0 0
0 1 1 1
1 0 0 19
1 0 1 14
1 1 0 6
1 1 1 8
3 8 3 6 0 8
0 0 0 18
0 0 1 3
0 1 0 8
0 1 1 9
1 0 0 8
1 0 1 16
1 1 0 11
1 1 1 4
3 0 10 13 0 8
0 0 0 10
0 0 1 15
0 1 0 17
0 1 1 8
1 0 0 7
1 0 1 11
1 1 0 15
1 1 1 8
2 15 7 0 4
0 0 20
0 1 3
1 0 20
1 1 0
1 12 0 2
0 5
1 11
1 2 0 2
0 16
1 10
3 9 4 14 0 8
0 0 0 8
0 0 1 16
0 1 0 0
0 1 1 17
1 0 0 19
1 0 1 11
1 1 0 20
1 1 1 3
2 13 14 0 4
0 0 1
0 1 15
1 0 6
1 1 5
3 2 4 12 0 8
0 0 0 13
0 0 1 15
0 1 0 10
0 1 1 13
1 0 0 2
1 0 1 5
1 1 0 12
1 1 1 14
3 1 4 7 0 8
0 0 0 4
0 0 1 12
0 1 0 8
0 1 1 14
1 0 0 4
1 0 1 2
1 1 0 14
1 1 1 20
2 2 3 0 4
0 0 19
0 1 0
1 0 11
1 1 16
3 2 15 7 0 8
0 0 0 17
0 0 1 19
0 1 0 1
0 1 1 3
1 0 0 1
1 0 1 9
1 1 0 6
1 1 1 17
1 11 0 2
0 16
1 2
3 8 1 0 0 8
0 0 0 18
0 0 1 2
0 1 0 2
0 1 1 12
1 0 0 13
1 0 1 2
1 1 0 8
1 1 1 1
2 1 2 0 4
0 0 6
0 1 14
1 0 20
1 1 17
3 13 5 14 0 8
0 0 0 4
0 0 1 1
0 1 0 0
0 1 1 6
1 0 0 16
1 0 1 19
1 1 0 12
1 1 1 5
1 8 0 2
0 19
1 2
1 0 0 2
0 18
1 5
3 2 5 13 0 8
0 0 0 13
0 0 1 11
0 1 0 5
0 1 1 0
1 0 0 5
1 0 1 16
1 1 0 5
1 1 1 18
1 15 0 2
0 10
1 8
3 11 3 7 0 8
0 0 0 4
0 0 1 8
0 1 0 4
0 1 1 15
1 0 0 2
1 0 1 15
1 1 0 2
1 1 1 15
