unknown 15 2 20 99999
1 1 1 1 1 1 1 1 1 1 1 1 1 1 1 
2 2 2 2 2 2 2 2 2 2 2 2 2 2 2 
1 9 0 2
0 6
1 7
3 8 10 13 0 8
0 0 0 19
0 0 1 6
0 1 0 4
0 1 1 13
1 0 0 0
1 0 1 6
1 1 0 4
1 1 1 5
1 8 0 2
0 5
1 18
1 3 0 2
0 11
1 17
3 3 1 11 0 8
0 0 0 8
0 0 1 18
0 1 0 12
0 1 1 13
1 0 0 0
1 0 1 8
1 1 0 7
1 1 1 14
3 1 11 5 0 8
0 0 0 4
0 0 1 12
0 1 0 12
0 1 1 14
1 0 0 17
1 0 1 18
1 1 0 13
1 1 1 6
1 13 0 2
0 14
1 7
3 9 13 14 0 8
0 0 0 3
0 0 1 9
0 1 0 18
0 1 1 5
1 0 0 12
1 0 1 4
1 1 0 13
1 1 1 4
1 4 0 2
0 6
1 0
3 9 3 12 0 8
0 0 0 17
0 0 1 14
0 1 0 18
0 1 1 7
1 0 0 17
1 0 1 8
1 1 0 13
1 1 1 14
1 14 0 2
0 12
1 14
3 1 2 4 0 8
0 0 0 4
0 0 1 15
0 1 0 18
0 1 1 9
1 0 0 0
1 0 1 18
1 1 0 13
1 1 1 15
3 0 2 5 0 8
0 0 0 6
0 0 1 20
0 1 0 15
0 1 1 4
1 0 0 20
1 0 1 6
1 1 0 0
1 1 1 11
1 7 0 2
0 15
1 2
2 10 2 0 4
0 0 4
0 1 6
1 0 16
1 1 4
3 3 4 5 0 8
0 0 0 12
0 0 1 3
0 1 0 1
0 1 1 5
1 0 0 10
1 0 1 20
1 1 0 4
1 1 1 19
3 0 2 6 0 8
0 0 0 19
0 0 1 11
0 1 0 1
0 1 1 18
1 0 0 18
1 0 1 11
1 1 0 2
1 1 1 6
2 8 13 0 4
0 0 15
0 1 2
1 0 2
1 1 4
3 8 0 5 0 8
0 0 0 9
0 0 1 13
0 1 0 12
0 1 1 14
1 0 0 14
1 0 1 13
1 1 0 13
1 1 1 8
2 0 2 0 4
0 0 4
0 1 12
1 0 13
1 1 20
