unknown 14 2 9 99999
2 1 2 2 2 2 1 2 2 2 1 1 1 1
2 2 2 2 2 2 2 2 2 2 2 2 2 2 
4 1 10 4 12 0 16
0 0 0 0 8
0 0 0 1 19
0 0 1 0 19
0 0 1 1 6
0 1 0 0 2
0 1 0 1 16
0 1 1 0 10
0 1 1 1 12
1 0 0 0 16
1 0 0 1 0
1 0 1 0 2
1 0 1 1 8
1 1 0 0 5
1 1 0 1 8
1 1 1 0 10
1 1 1 1 15
1 11 0 2
0 19
1 20
1 7 0 2
0 20
1 20
1 13 0 2
0 6
1 2
3 8 10 3 0 8
0 0 0 18
0 0 1 12
0 1 0 18
0 1 1 10
1 0 0 10
1 0 1 16
1 1 0 4
1 1 1 16
2 8 11 0 4
0 0 19
0 1 16
1 0 14
1 1 17
3 0 10 4 0 8
0 0 0 6
0 0 1 16
0 1 0 1
0 1 1 18
1 0 0 20
1 0 1 12
1 1 0 17
1 1 1 17
1 8 0 2
0 16
1 14
2 2 13 0 4
0 0 15
0 1 18
1 0 7
1 1 13
