unknown 28 2 49 99999
1 1 2 1 1 2 1 1 2 2 2 2 1 2 1 1 1 1 2 2 2 2 1 1 2 1 1 1
2 2 2 2 2 2 2 2 2 2 2 2 2 2 2 2 2 2 2 2 2 2 2 2 2 2 2 2 
1 16 0 2
0 8
1 9
5 2 3 7 24 25 0 32
0 0 0 0 0 12
0 0 0 0 1 17
0 0 0 1 0 12
0 0 0 1 1 19
0 0 1 0 0 6
0 0 1 0 1 9
0 0 1 1 0 7
0 0 1 1 1 10
0 1 0 0 0 11
0 1 0 0 1 0
0 1 0 1 0 14
0 1 0 1 1 5
0 1 1 0 0 6
0 1 1 0 1 18
0 1 1 1 0 8
0 1 1 1 1 5
1 0 0 0 0 7
1 0 0 0 1 8
1 0 0 1 0 17
1 0 0 1 1 12
1 0 1 0 0 11
1 0 1 0 1 9
1 0 1 1 0 1
1 0 1 1 1 2
1 1 0 0 0 9
1 1 0 0 1 7
1 1 0 1 0 8
1 1 0 1 1 17
1 1 1 0 0 20
1 1 1 0 1 3
1 1 1 1 0 1
1 1 1 1 1 14
6 2 9 11 15 23 27 0 64
0 0 0 0 0 0 14
0 0 0 0 0 1 6
0 0 0 0 1 0 8
0 0 0 0 1 1 8
0 0 0 1 0 0 12
0 0 0 1 0 1 9
0 0 0 1 1 0 11
0 0 0 1 1 1 4
0 0 1 0 0 0 12
0 0 1 0 0 1 5
0 0 1 0 1 0 7
0 0 1 0 1 1 14
0 0 1 1 0 0 3
0 0 1 1 0 1 11
0 0 1 1 1 0 6
0 0 1 1 1 1 14
0 1 0 0 0 0 14
0 1 0 0 0 1 18
0 1 0 0 1 0 8
0 1 0 0 1 1 14
0 1 0 1 0 0 19
0 1 0 1 0 1 0
0 1 0 1 1 0 5
0 1 0 1 1 1 12
0 1 1 0 0 0 17
0 1 1 0 0 1 9
0 1 1 0 1 0 9
0 1 1 0 1 1 6
0 1 1 1 0 0 3
0 1 1 1 0 1 1
0 1 1 1 1 0 8
0 1 1 1 1 1 9
1 0 0 0 0 0 12
1 0 0 0 0 1 11
1 0 0 0 1 0 6
1 0 0 0 1 1 18
1 0 0 1 0 0 2
1 0 0 1 0 1 2
1 0 0 1 1 0 18
1 0 0 1 1 1 6
1 0 1 0 0 0 4
1 0 1 0 0 1 7
1 0 1 0 1 0 20
1 0 1 0 1 1 10
1 0 1 1 0 0 5
1 0 1 1 0 1 1
1 0 1 1 1 0 2
1 0 1 1 1 1 14
1 1 0 0 0 0 11
1 1 0 0 0 1 4
1 1 0 0 1 0 20
1 1 0 0 1 1 11
1 1 0 1 0 0 11
1 1 0 1 0 1 8
1 1 0 1 1 0 9
1 1 0 1 1 1 13
1 1 1 0 0 0 8
1 1 1 0 0 1 15
1 1 1 0 1 0 1
1 1 1 0 1 1 6
1 1 1 1 0 0 16
1 1 1 1 0 1 17
1 1 1 1 1 0 10
1 1 1 1 1 1 14
6 9 10 19 20 24 25 0 64
0 0 0 0 0 0 3
0 0 0 0 0 1 16
0 0 0 0 1 0 11
0 0 0 0 1 1 17
0 0 0 1 0 0 17
0 0 0 1 0 1 7
0 0 0 1 1 0 18
0 0 0 1 1 1 6
0 0 1 0 0 0 10
0 0 1 0 0 1 20
0 0 1 0 1 0 5
0 0 1 0 1 1 17
0 0 1 1 0 0 10
0 0 1 1 0 1 13
0 0 1 1 1 0 14
0 0 1 1 1 1 20
0 1 0 0 0 0 15
0 1 0 0 0 1 11
0 1 0 0 1 0 6
0 1 0 0 1 1 7
0 1 0 1 0 0 20
0 1 0 1 0 1 13
0 1 0 1 1 0 12
0 1 0 1 1 1 16
0 1 1 0 0 0 18
0 1 1 0 0 1 19
0 1 1 0 1 0 4
0 1 1 0 1 1 4
0 1 1 1 0 0 6
0 1 1 1 0 1 16
0 1 1 1 1 0 11
0 1 1 1 1 1 4
1 0 0 0 0 0 17
1 0 0 0 0 1 3
1 0 0 0 1 0 20
1 0 0 0 1 1 9
1 0 0 1 0 0 5
1 0 0 1 0 1 18
1 0 0 1 1 0 11
1 0 0 1 1 1 17
1 0 1 0 0 0 3
1 0 1 0 0 1 10
1 0 1 0 1 0 0
1 0 1 0 1 1 6
1 0 1 1 0 0 6
1 0 1 1 0 1 15
1 0 1 1 1 0 4
1 0 1 1 1 1 16
1 1 0 0 0 0 0
1 1 0 0 0 1 6
1 1 0 0 1 0 12
1 1 0 0 1 1 19
1 1 0 1 0 0 19
1 1 0 1 0 1 16
1 1 0 1 1 0 17
1 1 0 1 1 1 1
1 1 1 0 0 0 13
1 1 1 0 0 1 9
1 1 1 0 1 0 0
1 1 1 0 1 1 5
1 1 1 1 0 0 19
1 1 1 1 0 1 3
1 1 1 1 1 0 13
1 1 1 1 1 1 12
3 24 4 23 0 8
0 0 0 5
0 0 1 19
0 1 0 12
0 1 1 1
1 0 0 2
1 0 1 17
1 1 0 5
1 1 1 17
1 0 0 2
0 2
1 8
1 10 0 2
0 19
1 0
3 17 18 22 0 8
0 0 0 7
0 0 1 4
0 1 0 8
0 1 1 20
1 0 0 3
1 0 1 10
1 1 0 8
1 1 1 16
1 2 0 2
0 14
1 4
4 19 27 20 5 0 16
0 0 0 0 3
0 0 0 1 4
0 0 1 0 4
0 0 1 1 9
0 1 0 0 9
0 1 0 1 15
0 1 1 0 8
0 1 1 1 3
1 0 0 0 4
1 0 0 1 14
1 0 1 0 0
1 0 1 1 1
1 1 0 0 20
1 1 0 1 20
1 1 1 0 16
1 1 1 1 14
4 18 21 14 7 0 16
0 0 0 0 12
0 0 0 1 3
0 0 1 0 10
0 0 1 1 10
0 1 0 0 6
0 1 0 1 6
0 1 1 0 18
0 1 1 1 7
1 0 0 0 4
1 0 0 1 16
1 0 1 0 14
1 0 1 1 16
1 1 0 0 16
1 1 0 1 12
1 1 1 0 15
1 1 1 1 19
2 10 27 0 4
0 0 3
0 1 15
1 0 11
1 1 18
5 5 13 19 20 22 0 32
0 0 0 0 0 8
0 0 0 0 1 9
0 0 0 1 0 2
0 0 0 1 1 11
0 0 1 0 0 6
0 0 1 0 1 17
0 0 1 1 0 11
0 0 1 1 1 4
0 1 0 0 0 14
0 1 0 0 1 19
0 1 0 1 0 11
0 1 0 1 1 11
0 1 1 0 0 13
0 1 1 0 1 16
0 1 1 1 0 9
0 1 1 1 1 1
1 0 0 0 0 17
1 0 0 0 1 5
1 0 0 1 0 4
1 0 0 1 1 4
1 0 1 0 0 3
1 0 1 0 1 0
1 0 1 1 0 17
1 0 1 1 1 0
1 1 0 0 0 12
1 1 0 0 1 10
1 1 0 1 0 15
1 1 0 1 1 10
1 1 1 0 0 17
1 1 1 0 1 13
1 1 1 1 0 19
1 1 1 1 1 1
3 25 19 15 0 8
0 0 0 9
0 0 1 10
0 1 0 14
0 1 1 14
1 0 0 1
1 0 1 3
1 1 0 16
1 1 1 13
1 26 0 2
0 10
1 7
2 0 12 0 4
0 0 15
0 1 11
1 0 5
1 1 0
5 0 16 20 24 27 0 32
0 0 0 0 0 18
0 0 0 0 1 10
0 0 0 1 0 0
0 0 0 1 1 13
0 0 1 0 0 15
0 0 1 0 1 16
0 0 1 1 0 2
0 0 1 1 1 10
0 1 0 0 0 12
0 1 0 0 1 3
0 1 0 1 0 8
0 1 0 1 1 10
0 1 1 0 0 6
0 1 1 0 1 15
0 1 1 1 0 10
0 1 1 1 1 3
1 0 0 0 0 8
1 0 0 0 1 9
1 0 0 1 0 8
1 0 0 1 1 19
1 0 1 0 0 3
1 0 1 0 1 5
1 0 1 1 0 10
1 0 1 1 1 13
1 1 0 0 0 4
1 1 0 0 1 10
1 1 0 1 0 1
1 1 0 1 1 7
1 1 1 0 0 19
1 1 1 0 1 15
1 1 1 1 0 13
1 1 1 1 1 6
2 24 4 0 4
0 0 15
0 1 13
1 0 9
1 1 20
3 8 20 22 0 8
0 0 0 3
0 0 1 18
0 1 0 7
0 1 1 0
1 0 0 11
1 0 1 8
1 1 0 20
1 1 1 14
4 1 26 2 15 0 16
0 0 0 0 6
0 0 0 1 18
0 0 1 0 20
0 0 1 1 16
0 1 0 0 2
0 1 0 1 5
0 1 1 0 9
0 1 1 1 15
1 0 0 0 15
1 0 0 1 14
1 0 1 0 2
1 0 1 1 6
1 1 0 0 4
1 1 0 1 9
1 1 1 0 17
1 1 1 1 14
4 2 11 5 15 0 16
0 0 0 0 3
0 0 0 1 4
0 0 1 0 8
0 0 1 1 15
0 1 0 0 7
0 1 0 1 8
0 1 1 0 8
0 1 1 1 13
1 0 0 0 18
1 0 0 1 18
1 0 1 0 6
1 0 1 1 10
1 1 0 0 4
1 1 0 1 16
1 1 1 0 19
1 1 1 1 5
2 13 23 0 4
0 0 14
0 1 2
1 0 8
1 1 12
5 0 2 15 22 23 0 32
0 0 0 0 0 15
0 0 0 0 1 2
0 0 0 1 0 10
0 0 0 1 1 20
0 0 1 0 0 14
0 0 1 0 1 7
0 0 1 1 0 3
0 0 1 1 1 17
0 1 0 0 0 0
0 1 0 0 1 14
0 1 0 1 0 18
0 1 0 1 1 6
0 1 1 0 0 14
0 1 1 0 1 13
0 1 1 1 0 20
0 1 1 1 1 1
1 0 0 0 0 19
1 0 0 0 1 17
1 0 0 1 0 16
1 0 0 1 1 18
1 0 1 0 0 13
1 0 1 0 1 19
1 0 1 1 0 13
1 0 1 1 1 16
1 1 0 0 0 14
1 1 0 0 1 11
1 1 0 1 0 3
1 1 0 1 1 8
1 1 1 0 0 17
1 1 1 0 1 7
1 1 1 1 0 3
1 1 1 1 1 0
3 0 4 14 0 8
0 0 0 16
0 0 1 17
0 1 0 14
0 1 1 14
1 0 0 2
1 0 1 7
1 1 0 14
1 1 1 16
1 11 0 2
0 10
1 12
1 5 0 2
0 13
1 10
5 3 7 10 15 19 0 32
0 0 0 0 0 3
0 0 0 0 1 19
0 0 0 1 0 15
0 0 0 1 1 6
0 0 1 0 0 7
0 0 1 0 1 1
0 0 1 1 0 6
0 0 1 1 1 1
0 1 0 0 0 14
0 1 0 0 1 4
0 1 0 1 0 7
0 1 0 1 1 2
0 1 1 0 0 3
0 1 1 0 1 17
0 1 1 1 0 0
0 1 1 1 1 14
1 0 0 0 0 9
1 0 0 0 1 19
1 0 0 1 0 13
1 0 0 1 1 5
1 0 1 0 0 2
1 0 1 0 1 3
1 0 1 1 0 2
1 0 1 1 1 5
1 1 0 0 0 13
1 1 0 0 1 6
1 1 0 1 0 4
1 1 0 1 1 16
1 1 1 0 0 2
1 1 1 0 1 9
1 1 1 1 0 8
1 1 1 1 1 6
4 9 18 20 5 0 16
0 0 0 0 17
0 0 0 1 4
0 0 1 0 18
0 0 1 1 14
0 1 0 0 4
0 1 0 1 4
0 1 1 0 19
0 1 1 1 0
1 0 0 0 16
1 0 0 1 19
1 0 1 0 7
1 0 1 1 6
1 1 0 0 14
1 1 0 1 7
1 1 1 0 18
1 1 1 1 15
3 27 26 18 0 8
0 0 0 8
0 0 1 1
0 1 0 2
0 1 1 10
1 0 0 15
1 0 1 10
1 1 0 18
1 1 1 1
1 4 0 2
0 2
1 8
6 0 4 9 11 20 23 0 64
0 0 0 0 0 0 18
0 0 0 0 0 1 6
0 0 0 0 1 0 4
0 0 0 0 1 1 7
0 0 0 1 0 0 4
0 0 0 1 0 1 7
0 0 0 1 1 0 11
0 0 0 1 1 1 11
0 0 1 0 0 0 15
0 0 1 0 0 1 15
0 0 1 0 1 0 12
0 0 1 0 1 1 19
0 0 1 1 0 0 10
0 0 1 1 0 1 0
0 0 1 1 1 0 20
0 0 1 1 1 1 18
0 1 0 0 0 0 18
0 1 0 0 0 1 8
0 1 0 0 1 0 10
0 1 0 0 1 1 10
0 1 0 1 0 0 7
0 1 0 1 0 1 6
0 1 0 1 1 0 16
0 1 0 1 1 1 8
0 1 1 0 0 0 2
0 1 1 0 0 1 16
0 1 1 0 1 0 11
0 1 1 0 1 1 20
0 1 1 1 0 0 18
0 1 1 1 0 1 17
0 1 1 1 1 0 16
0 1 1 1 1 1 4
1 0 0 0 0 0 12
1 0 0 0 0 1 6
1 0 0 0 1 0 19
1 0 0 0 1 1 0
1 0 0 1 0 0 7
1 0 0 1 0 1 16
1 0 0 1 1 0 10
1 0 0 1 1 1 8
1 0 1 0 0 0 19
1 0 1 0 0 1 1
1 0 1 0 1 0 18
1 0 1 0 1 1 16
1 0 1 1 0 0 14
1 0 1 1 0 1 20
1 0 1 1 1 0 17
1 0 1 1 1 1 17
1 1 0 0 0 0 6
1 1 0 0 0 1 3
1 1 0 0 1 0 13
1 1 0 0 1 1 9
1 1 0 1 0 0 1
1 1 0 1 0 1 7
1 1 0 1 1 0 13
1 1 0 1 1 1 13
1 1 1 0 0 0 12
1 1 1 0 0 1 14
1 1 1 0 1 0 7
1 1 1 0 1 1 9
1 1 1 1 0 0 17
1 1 1 1 0 1 7
1 1 1 1 1 0 17
1 1 1 1 1 1 3
4 0 24 12 6 0 16
0 0 0 0 0
0 0 0 1 13
0 0 1 0 11
0 0 1 1 15
0 1 0 0 3
0 1 0 1 7
0 1 1 0 16
0 1 1 1 10
1 0 0 0 5
1 0 0 1 20
1 0 1 0 4
1 0 1 1 6
1 1 0 0 3
1 1 0 1 8
1 1 1 0 6
1 1 1 1 7
6 8 9 10 11 16 26 0 64
0 0 0 0 0 0 11
0 0 0 0 0 1 14
0 0 0 0 1 0 20
0 0 0 0 1 1 18
0 0 0 1 0 0 6
0 0 0 1 0 1 3
0 0 0 1 1 0 11
0 0 0 1 1 1 6
0 0 1 0 0 0 3
0 0 1 0 0 1 6
0 0 1 0 1 0 13
0 0 1 0 1 1 14
0 0 1 1 0 0 3
0 0 1 1 0 1 14
0 0 1 1 1 0 14
0 0 1 1 1 1 17
0 1 0 0 0 0 7
0 1 0 0 0 1 14
0 1 0 0 1 0 4
0 1 0 0 1 1 18
0 1 0 1 0 0 16
0 1 0 1 0 1 17
0 1 0 1 1 0 12
0 1 0 1 1 1 12
0 1 1 0 0 0 3
0 1 1 0 0 1 6
0 1 1 0 1 0 11
0 1 1 0 1 1 9
0 1 1 1 0 0 4
0 1 1 1 0 1 7
0 1 1 1 1 0 13
0 1 1 1 1 1 4
1 0 0 0 0 0 11
1 0 0 0 0 1 0
1 0 0 0 1 0 18
1 0 0 0 1 1 3
1 0 0 1 0 0 18
1 0 0 1 0 1 10
1 0 0 1 1 0 11
1 0 0 1 1 1 16
1 0 1 0 0 0 14
1 0 1 0 0 1 5
1 0 1 0 1 0 14
1 0 1 0 1 1 11
1 0 1 1 0 0 13
1 0 1 1 0 1 20
1 0 1 1 1 0 7
1 0 1 1 1 1 1
1 1 0 0 0 0 13
1 1 0 0 0 1 7
1 1 0 0 1 0 4
1 1 0 0 1 1 1
1 1 0 1 0 0 10
1 1 0 1 0 1 17
1 1 0 1 1 0 4
1 1 0 1 1 1 3
1 1 1 0 0 0 20
1 1 1 0 0 1 3
1 1 1 0 1 0 1
1 1 1 0 1 1 20
1 1 1 1 0 0 18
1 1 1 1 0 1 20
1 1 1 1 1 0 3
1 1 1 1 1 1 12
6 0 2 4 6 20 27 0 64
0 0 0 0 0 0 11
0 0 0 0 0 1 19
0 0 0 0 1 0 0
0 0 0 0 1 1 7
0 0 0 1 0 0 7
0 0 0 1 0 1 16
0 0 0 1 1 0 0
0 0 0 1 1 1 19
0 0 1 0 0 0 20
0 0 1 0 0 1 13
0 0 1 0 1 0 20
0 0 1 0 1 1 18
0 0 1 1 0 0 10
0 0 1 1 0 1 1
0 0 1 1 1 0 7
0 0 1 1 1 1 12
0 1 0 0 0 0 5
0 1 0 0 0 1 8
0 1 0 0 1 0 5
0 1 0 0 1 1 3
0 1 0 1 0 0 13
0 1 0 1 0 1 7
0 1 0 1 1 0 20
0 1 0 1 1 1 8
0 1 1 0 0 0 13
0 1 1 0 0 1 8
0 1 1 0 1 0 9
0 1 1 0 1 1 2
0 1 1 1 0 0 18
0 1 1 1 0 1 18
0 1 1 1 1 0 1
0 1 1 1 1 1 7
1 0 0 0 0 0 7
1 0 0 0 0 1 13
1 0 0 0 1 0 5
1 0 0 0 1 1 20
1 0 0 1 0 0 6
1 0 0 1 0 1 10
1 0 0 1 1 0 18
1 0 0 1 1 1 5
1 0 1 0 0 0 18
1 0 1 0 0 1 2
1 0 1 0 1 0 0
1 0 1 0 1 1 19
1 0 1 1 0 0 2
1 0 1 1 0 1 19
1 0 1 1 1 0 18
1 0 1 1 1 1 14
1 1 0 0 0 0 17
1 1 0 0 0 1 3
1 1 0 0 1 0 20
1 1 0 0 1 1 3
1 1 0 1 0 0 9
1 1 0 1 0 1 2
1 1 0 1 1 0 14
1 1 0 1 1 1 13
1 1 1 0 0 0 10
1 1 1 0 0 1 12
1 1 1 0 1 0 19
1 1 1 0 1 1 20
1 1 1 1 0 0 13
1 1 1 1 0 1 9
1 1 1 1 1 0 2
1 1 1 1 1 1 2
3 2 12 15 0 8
0 0 0 16
0 0 1 14
0 1 0 18
0 1 1 1
1 0 0 10
1 0 1 9
1 1 0 4
1 1 1 5
4 16 25 2 26 0 16
0 0 0 0 7
0 0 0 1 2
0 0 1 0 9
0 0 1 1 6
0 1 0 0 6
0 1 0 1 2
0 1 1 0 13
0 1 1 1 5
1 0 0 0 8
1 0 0 1 3
1 0 1 0 13
1 0 1 1 17
1 1 0 0 18
1 1 0 1 9
1 1 1 0 3
1 1 1 1 9
3 25 11 14 0 8
0 0 0 11
0 0 1 15
0 1 0 2
0 1 1 0
1 0 0 7
1 0 1 18
1 1 0 5
1 1 1 1
1 27 0 2
0 5
1 11
6 0 8 11 23 25 26 0 64
0 0 0 0 0 0 15
0 0 0 0 0 1 12
0 0 0 0 1 0 5
0 0 0 0 1 1 13
0 0 0 1 0 0 2
0 0 0 1 0 1 11
0 0 0 1 1 0 13
0 0 0 1 1 1 20
0 0 1 0 0 0 0
0 0 1 0 0 1 1
0 0 1 0 1 0 2
0 0 1 0 1 1 7
0 0 1 1 0 0 14
0 0 1 1 0 1 11
0 0 1 1 1 0 12
0 0 1 1 1 1 20
0 1 0 0 0 0 16
0 1 0 0 0 1 20
0 1 0 0 1 0 16
0 1 0 0 1 1 7
0 1 0 1 0 0 15
0 1 0 1 0 1 9
0 1 0 1 1 0 19
0 1 0 1 1 1 7
0 1 1 0 0 0 11
0 1 1 0 0 1 0
0 1 1 0 1 0 14
0 1 1 0 1 1 5
0 1 1 1 0 0 12
0 1 1 1 0 1 7
0 1 1 1 1 0 20
0 1 1 1 1 1 5
1 0 0 0 0 0 0
1 0 0 0 0 1 10
1 0 0 0 1 0 2
1 0 0 0 1 1 17
1 0 0 1 0 0 3
1 0 0 1 0 1 16
1 0 0 1 1 0 16
1 0 0 1 1 1 12
1 0 1 0 0 0 10
1 0 1 0 0 1 9
1 0 1 0 1 0 1
1 0 1 0 1 1 18
1 0 1 1 0 0 14
1 0 1 1 0 1 3
1 0 1 1 1 0 11
1 0 1 1 1 1 0
1 1 0 0 0 0 19
1 1 0 0 0 1 3
1 1 0 0 1 0 2
1 1 0 0 1 1 16
1 1 0 1 0 0 18
1 1 0 1 0 1 17
1 1 0 1 1 0 18
1 1 0 1 1 1 14
1 1 1 0 0 0 1
1 1 1 0 0 1 3
1 1 1 0 1 0 12
1 1 1 0 1 1 10
1 1 1 1 0 0 3
1 1 1 1 0 1 3
1 1 1 1 1 0 4
1 1 1 1 1 1 16
1 7 0 2
0 19
1 15
2 1 27 0 4
0 0 19
0 1 19
1 0 8
1 1 5
6 3 7 17 23 25 26 0 64
0 0 0 0 0 0 16
0 0 0 0 0 1 20
0 0 0 0 1 0 1
0 0 0 0 1 1 3
0 0 0 1 0 0 1
0 0 0 1 0 1 10
0 0 0 1 1 0 18
0 0 0 1 1 1 3
0 0 1 0 0 0 1
0 0 1 0 0 1 17
0 0 1 0 1 0 8
0 0 1 0 1 1 9
0 0 1 1 0 0 15
0 0 1 1 0 1 9
0 0 1 1 1 0 8
0 0 1 1 1 1 0
0 1 0 0 0 0 12
0 1 0 0 0 1 10
0 1 0 0 1 0 12
0 1 0 0 1 1 0
0 1 0 1 0 0 18
0 1 0 1 0 1 7
0 1 0 1 1 0 15
0 1 0 1 1 1 11
0 1 1 0 0 0 2
0 1 1 0 0 1 7
0 1 1 0 1 0 14
0 1 1 0 1 1 2
0 1 1 1 0 0 14
0 1 1 1 0 1 13
0 1 1 1 1 0 8
0 1 1 1 1 1 7
1 0 0 0 0 0 8
1 0 0 0 0 1 4
1 0 0 0 1 0 16
1 0 0 0 1 1 4
1 0 0 1 0 0 20
1 0 0 1 0 1 13
1 0 0 1 1 0 18
1 0 0 1 1 1 8
1 0 1 0 0 0 18
1 0 1 0 0 1 14
1 0 1 0 1 0 12
1 0 1 0 1 1 2
1 0 1 1 0 0 5
1 0 1 1 0 1 8
1 0 1 1 1 0 13
1 0 1 1 1 1 0
1 1 0 0 0 0 4
1 1 0 0 0 1 15
1 1 0 0 1 0 0
1 1 0 0 1 1 11
1 1 0 1 0 0 12
1 1 0 1 0 1 3
1 1 0 1 1 0 11
1 1 0 1 1 1 1
1 1 1 0 0 0 6
1 1 1 0 0 1 8
1 1 1 0 1 0 20
1 1 1 0 1 1 18
1 1 1 1 0 0 16
1 1 1 1 0 1 2
1 1 1 1 1 0 13
1 1 1 1 1 1 18
5 2 9 13 16 24 0 32
0 0 0 0 0 4
0 0 0 0 1 0
0 0 0 1 0 4
0 0 0 1 1 20
0 0 1 0 0 9
0 0 1 0 1 12
0 0 1 1 0 8
0 0 1 1 1 1
0 1 0 0 0 17
0 1 0 0 1 1
0 1 0 1 0 15
0 1 0 1 1 4
0 1 1 0 0 7
0 1 1 0 1 11
0 1 1 1 0 16
0 1 1 1 1 6
1 0 0 0 0 15
1 0 0 0 1 19
1 0 0 1 0 16
1 0 0 1 1 20
1 0 1 0 0 4
1 0 1 0 1 14
1 0 1 1 0 13
1 0 1 1 1 20
1 1 0 0 0 10
1 1 0 0 1 8
1 1 0 1 0 18
1 1 0 1 1 20
1 1 1 0 0 16
1 1 1 0 1 0
1 1 1 1 0 8
1 1 1 1 1 8
1 25 0 2
0 14
1 3
4 24 1 18 11 0 16
0 0 0 0 3
0 0 0 1 12
0 0 1 0 15
0 0 1 1 13
0 1 0 0 16
0 1 0 1 1
0 1 1 0 18
0 1 1 1 2
1 0 0 0 12
1 0 0 1 6
1 0 1 0 1
1 0 1 1 3
1 1 0 0 12
1 1 0 1 15
1 1 1 0 19
1 1 1 1 8
6 1 3 6 17 20 25 0 64
0 0 0 0 0 0 15
0 0 0 0 0 1 14
0 0 0 0 1 0 20
0 0 0 0 1 1 12
0 0 0 1 0 0 17
0 0 0 1 0 1 13
0 0 0 1 1 0 5
0 0 0 1 1 1 19
0 0 1 0 0 0 15
0 0 1 0 0 1 12
0 0 1 0 1 0 12
0 0 1 0 1 1 17
0 0 1 1 0 0 11
0 0 1 1 0 1 14
0 0 1 1 1 0 2
0 0 1 1 1 1 15
0 1 0 0 0 0 7
0 1 0 0 0 1 16
0 1 0 0 1 0 2
0 1 0 0 1 1 5
0 1 0 1 0 0 2
0 1 0 1 0 1 10
0 1 0 1 1 0 20
0 1 0 1 1 1 7
0 1 1 0 0 0 0
0 1 1 0 0 1 10
0 1 1 0 1 0 10
0 1 1 0 1 1 18
0 1 1 1 0 0 0
0 1 1 1 0 1 9
0 1 1 1 1 0 7
0 1 1 1 1 1 11
1 0 0 0 0 0 18
1 0 0 0 0 1 13
1 0 0 0 1 0 6
1 0 0 0 1 1 1
1 0 0 1 0 0 2
1 0 0 1 0 1 12
1 0 0 1 1 0 17
1 0 0 1 1 1 7
1 0 1 0 0 0 13
1 0 1 0 0 1 12
1 0 1 0 1 0 9
1 0 1 0 1 1 20
1 0 1 1 0 0 1
1 0 1 1 0 1 10
1 0 1 1 1 0 12
1 0 1 1 1 1 13
1 1 0 0 0 0 13
1 1 0 0 0 1 9
1 1 0 0 1 0 0
1 1 0 0 1 1 20
1 1 0 1 0 0 20
1 1 0 1 0 1 16
1 1 0 1 1 0 6
1 1 0 1 1 1 1
1 1 1 0 0 0 12
1 1 1 0 0 1 7
1 1 1 0 1 0 20
1 1 1 0 1 1 8
1 1 1 1 0 0 13
1 1 1 1 0 1 19
1 1 1 1 1 0 14
1 1 1 1 1 1 10
4 9 18 26 23 0 16
0 0 0 0 20
0 0 0 1 11
0 0 1 0 5
0 0 1 1 5
0 1 0 0 17
0 1 0 1 13
0 1 1 0 8
0 1 1 1 19
1 0 0 0 19
1 0 0 1 1
1 0 1 0 16
1 0 1 1 13
1 1 0 0 2
1 1 0 1 3
1 1 1 0 19
1 1 1 1 2
6 1 2 3 9 16 27 0 64
0 0 0 0 0 0 0
0 0 0 0 0 1 9
0 0 0 0 1 0 3
0 0 0 0 1 1 9
0 0 0 1 0 0 17
0 0 0 1 0 1 12
0 0 0 1 1 0 7
0 0 0 1 1 1 14
0 0 1 0 0 0 11
0 0 1 0 0 1 5
0 0 1 0 1 0 14
0 0 1 0 1 1 2
0 0 1 1 0 0 14
0 0 1 1 0 1 0
0 0 1 1 1 0 5
0 0 1 1 1 1 19
0 1 0 0 0 0 15
0 1 0 0 0 1 8
0 1 0 0 1 0 14
0 1 0 0 1 1 12
0 1 0 1 0 0 8
0 1 0 1 0 1 7
0 1 0 1 1 0 18
0 1 0 1 1 1 4
0 1 1 0 0 0 10
0 1 1 0 0 1 3
0 1 1 0 1 0 6
0 1 1 0 1 1 5
0 1 1 1 0 0 9
0 1 1 1 0 1 11
0 1 1 1 1 0 12
0 1 1 1 1 1 11
1 0 0 0 0 0 19
1 0 0 0 0 1 18
1 0 0 0 1 0 0
1 0 0 0 1 1 2
1 0 0 1 0 0 8
1 0 0 1 0 1 11
1 0 0 1 1 0 0
1 0 0 1 1 1 3
1 0 1 0 0 0 7
1 0 1 0 0 1 5
1 0 1 0 1 0 14
1 0 1 0 1 1 8
1 0 1 1 0 0 10
1 0 1 1 0 1 18
1 0 1 1 1 0 19
1 0 1 1 1 1 5
1 1 0 0 0 0 0
1 1 0 0 0 1 11
1 1 0 0 1 0 4
1 1 0 0 1 1 7
1 1 0 1 0 0 9
1 1 0 1 0 1 5
1 1 0 1 1 0 13
1 1 0 1 1 1 9
1 1 1 0 0 0 5
1 1 1 0 0 1 20
1 1 1 0 1 0 9
1 1 1 0 1 1 5
1 1 1 1 0 0 6
1 1 1 1 0 1 3
1 1 1 1 1 0 14
1 1 1 1 1 1 12
1 18 0 2
0 6
1 15
