unknown 49 2 79 99999
1 1 2 2 1 2 2 1 1 2 1 1 2 1 2 1 1 2 2 2 1 2 2 2 1 2 1 2 1 2 1 2 1 2 1 1 1 1 2 1 2 2 2 2 2 2 2 2 1
2 2 2 2 2 2 2 2 2 2 2 2 2 2 2 2 2 2 2 2 2 2 2 2 2 2 2 2 2 2 2 2 2 2 2 2 2 2 2 2 2 2 2 2 2 2 2 2 2 
1 4 0 2
0 19
1 8
3 0 16 12 0 8
0 0 0 15
0 0 1 2
0 1 0 15
0 1 1 9
1 0 0 16
1 0 1 8
1 1 0 12
1 1 1 15
2 29 30 0 4
0 0 1
0 1 19
1 0 6
1 1 16
1 26 0 2
0 9
1 4
2 25 15 0 4
0 0 9
0 1 14
1 0 17
1 1 5
1 0 0 2
0 0
1 16
1 29 0 2
0 8
1 1
2 10 27 0 4
0 0 3
0 1 14
1 0 0
1 1 1
5 1 3 4 40 42 0 32
0 0 0 0 0 6
0 0 0 0 1 10
0 0 0 1 0 15
0 0 0 1 1 12
0 0 1 0 0 6
0 0 1 0 1 7
0 0 1 1 0 2
0 0 1 1 1 20
0 1 0 0 0 4
0 1 0 0 1 18
0 1 0 1 0 3
0 1 0 1 1 6
0 1 1 0 0 15
0 1 1 0 1 1
0 1 1 1 0 20
0 1 1 1 1 13
1 0 0 0 0 10
1 0 0 0 1 15
1 0 0 1 0 5
1 0 0 1 1 16
1 0 1 0 0 15
1 0 1 0 1 13
1 0 1 1 0 4
1 0 1 1 1 11
1 1 0 0 0 1
1 1 0 0 1 18
1 1 0 1 0 18
1 1 0 1 1 0
1 1 1 0 0 14
1 1 1 0 1 13
1 1 1 1 0 8
1 1 1 1 1 0
2 41 15 0 4
0 0 8
0 1 4
1 0 13
1 1 9
6 35 5 12 13 44 30 0 64
0 0 0 0 0 0 19
0 0 0 0 0 1 15
0 0 0 0 1 0 15
0 0 0 0 1 1 12
0 0 0 1 0 0 4
0 0 0 1 0 1 2
0 0 0 1 1 0 18
0 0 0 1 1 1 4
0 0 1 0 0 0 0
0 0 1 0 0 1 3
0 0 1 0 1 0 9
0 0 1 0 1 1 20
0 0 1 1 0 0 0
0 0 1 1 0 1 12
0 0 1 1 1 0 7
0 0 1 1 1 1 6
0 1 0 0 0 0 2
0 1 0 0 0 1 20
0 1 0 0 1 0 15
0 1 0 0 1 1 0
0 1 0 1 0 0 18
0 1 0 1 0 1 4
0 1 0 1 1 0 5
0 1 0 1 1 1 5
0 1 1 0 0 0 1
0 1 1 0 0 1 20
0 1 1 0 1 0 16
0 1 1 0 1 1 6
0 1 1 1 0 0 7
0 1 1 1 0 1 9
0 1 1 1 1 0 14
0 1 1 1 1 1 15
1 0 0 0 0 0 0
1 0 0 0 0 1 3
1 0 0 0 1 0 6
1 0 0 0 1 1 20
1 0 0 1 0 0 1
1 0 0 1 0 1 9
1 0 0 1 1 0 20
1 0 0 1 1 1 7
1 0 1 0 0 0 2
1 0 1 0 0 1 7
1 0 1 0 1 0 3
1 0 1 0 1 1 4
1 0 1 1 0 0 11
1 0 1 1 0 1 4
1 0 1 1 1 0 15
1 0 1 1 1 1 7
1 1 0 0 0 0 14
1 1 0 0 0 1 19
1 1 0 0 1 0 12
1 1 0 0 1 1 5
1 1 0 1 0 0 3
1 1 0 1 0 1 1
1 1 0 1 1 0 11
1 1 0 1 1 1 9
1 1 1 0 0 0 9
1 1 1 0 0 1 3
1 1 1 0 1 0 5
1 1 1 0 1 1 14
1 1 1 1 0 0 3
1 1 1 1 0 1 8
1 1 1 1 1 0 13
1 1 1 1 1 1 3
4 16 13 38 47 0 16
0 0 0 0 0
0 0 0 1 19
0 0 1 0 19
0 0 1 1 12
0 1 0 0 4
0 1 0 1 1
0 1 1 0 18
0 1 1 1 1
1 0 0 0 7
1 0 0 1 9
1 0 1 0 5
1 0 1 1 0
1 1 0 0 12
1 1 0 1 1
1 1 1 0 14
1 1 1 1 16
6 32 35 6 44 28 30 0 64
0 0 0 0 0 0 3
0 0 0 0 0 1 10
0 0 0 0 1 0 11
0 0 0 0 1 1 5
0 0 0 1 0 0 8
0 0 0 1 0 1 14
0 0 0 1 1 0 16
0 0 0 1 1 1 12
0 0 1 0 0 0 13
0 0 1 0 0 1 1
0 0 1 0 1 0 0
0 0 1 0 1 1 8
0 0 1 1 0 0 15
0 0 1 1 0 1 1
0 0 1 1 1 0 13
0 0 1 1 1 1 2
0 1 0 0 0 0 1
0 1 0 0 0 1 10
0 1 0 0 1 0 5
0 1 0 0 1 1 7
0 1 0 1 0 0 2
0 1 0 1 0 1 20
0 1 0 1 1 0 13
0 1 0 1 1 1 20
0 1 1 0 0 0 18
0 1 1 0 0 1 4
0 1 1 0 1 0 16
0 1 1 0 1 1 10
0 1 1 1 0 0 11
0 1 1 1 0 1 14
0 1 1 1 1 0 0
0 1 1 1 1 1 3
1 0 0 0 0 0 20
1 0 0 0 0 1 3
1 0 0 0 1 0 5
1 0 0 0 1 1 19
1 0 0 1 0 0 19
1 0 0 1 0 1 0
1 0 0 1 1 0 7
1 0 0 1 1 1 2
1 0 1 0 0 0 19
1 0 1 0 0 1 13
1 0 1 0 1 0 20
1 0 1 0 1 1 5
1 0 1 1 0 0 8
1 0 1 1 0 1 12
1 0 1 1 1 0 14
1 0 1 1 1 1 4
1 1 0 0 0 0 7
1 1 0 0 0 1 15
1 1 0 0 1 0 18
1 1 0 0 1 1 0
1 1 0 1 0 0 2
1 1 0 1 0 1 15
1 1 0 1 1 0 14
1 1 0 1 1 1 1
1 1 1 0 0 0 19
1 1 1 0 0 1 8
1 1 1 0 1 0 1
1 1 1 0 1 1 20
1 1 1 1 0 0 13
1 1 1 1 0 1 19
1 1 1 1 1 0 6
1 1 1 1 1 1 15
3 0 4 45 0 8
0 0 0 11
0 0 1 8
0 1 0 8
0 1 1 5
1 0 0 11
1 0 1 18
1 1 0 10
1 1 1 1
6 42 11 43 21 24 26 0 64
0 0 0 0 0 0 14
0 0 0 0 0 1 11
0 0 0 0 1 0 18
0 0 0 0 1 1 5
0 0 0 1 0 0 1
0 0 0 1 0 1 14
0 0 0 1 1 0 6
0 0 0 1 1 1 18
0 0 1 0 0 0 1
0 0 1 0 0 1 18
0 0 1 0 1 0 14
0 0 1 0 1 1 1
0 0 1 1 0 0 10
0 0 1 1 0 1 19
0 0 1 1 1 0 5
0 0 1 1 1 1 14
0 1 0 0 0 0 19
0 1 0 0 0 1 13
0 1 0 0 1 0 0
0 1 0 0 1 1 10
0 1 0 1 0 0 11
0 1 0 1 0 1 20
0 1 0 1 1 0 3
0 1 0 1 1 1 2
0 1 1 0 0 0 12
0 1 1 0 0 1 14
0 1 1 0 1 0 18
0 1 1 0 1 1 19
0 1 1 1 0 0 13
0 1 1 1 0 1 13
0 1 1 1 1 0 5
0 1 1 1 1 1 14
1 0 0 0 0 0 12
1 0 0 0 0 1 8
1 0 0 0 1 0 7
1 0 0 0 1 1 7
1 0 0 1 0 0 2
1 0 0 1 0 1 13
1 0 0 1 1 0 15
1 0 0 1 1 1 1
1 0 1 0 0 0 0
1 0 1 0 0 1 5
1 0 1 0 1 0 20
1 0 1 0 1 1 20
1 0 1 1 0 0 13
1 0 1 1 0 1 18
1 0 1 1 1 0 5
1 0 1 1 1 1 11
1 1 0 0 0 0 0
1 1 0 0 0 1 0
1 1 0 0 1 0 9
1 1 0 0 1 1 14
1 1 0 1 0 0 3
1 1 0 1 0 1 2
1 1 0 1 1 0 11
1 1 0 1 1 1 9
1 1 1 0 0 0 15
1 1 1 0 0 1 16
1 1 1 0 1 0 15
1 1 1 0 1 1 2
1 1 1 1 0 0 17
1 1 1 1 0 1 13
1 1 1 1 1 0 20
1 1 1 1 1 1 12
4 42 45 29 39 0 16
0 0 0 0 18
0 0 0 1 4
0 0 1 0 15
0 0 1 1 4
0 1 0 0 7
0 1 0 1 12
0 1 1 0 3
0 1 1 1 10
1 0 0 0 0
1 0 0 1 15
1 0 1 0 7
1 0 1 1 14
1 1 0 0 10
1 1 0 1 0
1 1 1 0 19
1 1 1 1 18
4 48 40 35 4 0 16
0 0 0 0 16
0 0 0 1 10
0 0 1 0 13
0 0 1 1 2
0 1 0 0 18
0 1 0 1 6
0 1 1 0 4
0 1 1 1 20
1 0 0 0 20
1 0 0 1 14
1 0 1 0 18
1 0 1 1 12
1 1 0 0 12
1 1 0 1 1
1 1 1 0 8
1 1 1 1 17
6 35 4 5 44 21 29 0 64
0 0 0 0 0 0 20
0 0 0 0 0 1 4
0 0 0 0 1 0 14
0 0 0 0 1 1 8
0 0 0 1 0 0 14
0 0 0 1 0 1 8
0 0 0 1 1 0 4
0 0 0 1 1 1 17
0 0 1 0 0 0 3
0 0 1 0 0 1 15
0 0 1 0 1 0 17
0 0 1 0 1 1 3
0 0 1 1 0 0 4
0 0 1 1 0 1 9
0 0 1 1 1 0 11
0 0 1 1 1 1 6
0 1 0 0 0 0 14
0 1 0 0 0 1 13
0 1 0 0 1 0 5
0 1 0 0 1 1 9
0 1 0 1 0 0 6
0 1 0 1 0 1 8
0 1 0 1 1 0 9
0 1 0 1 1 1 20
0 1 1 0 0 0 0
0 1 1 0 0 1 0
0 1 1 0 1 0 0
0 1 1 0 1 1 16
0 1 1 1 0 0 10
0 1 1 1 0 1 14
0 1 1 1 1 0 8
0 1 1 1 1 1 0
1 0 0 0 0 0 1
1 0 0 0 0 1 3
1 0 0 0 1 0 20
1 0 0 0 1 1 7
1 0 0 1 0 0 7
1 0 0 1 0 1 13
1 0 0 1 1 0 5
1 0 0 1 1 1 17
1 0 1 0 0 0 8
1 0 1 0 0 1 9
1 0 1 0 1 0 1
1 0 1 0 1 1 2
1 0 1 1 0 0 13
1 0 1 1 0 1 2
1 0 1 1 1 0 9
1 0 1 1 1 1 17
1 1 0 0 0 0 15
1 1 0 0 0 1 11
1 1 0 0 1 0 17
1 1 0 0 1 1 1
1 1 0 1 0 0 0
1 1 0 1 0 1 9
1 1 0 1 1 0 10
1 1 0 1 1 1 14
1 1 1 0 0 0 0
1 1 1 0 0 1 18
1 1 1 0 1 0 8
1 1 1 0 1 1 12
1 1 1 1 0 0 3
1 1 1 1 0 1 8
1 1 1 1 1 0 6
1 1 1 1 1 1 4
6 2 4 43 14 17 23 0 64
0 0 0 0 0 0 11
0 0 0 0 0 1 7
0 0 0 0 1 0 9
0 0 0 0 1 1 3
0 0 0 1 0 0 19
0 0 0 1 0 1 19
0 0 0 1 1 0 17
0 0 0 1 1 1 3
0 0 1 0 0 0 6
0 0 1 0 0 1 1
0 0 1 0 1 0 10
0 0 1 0 1 1 17
0 0 1 1 0 0 6
0 0 1 1 0 1 19
0 0 1 1 1 0 11
0 0 1 1 1 1 10
0 1 0 0 0 0 10
0 1 0 0 0 1 16
0 1 0 0 1 0 8
0 1 0 0 1 1 20
0 1 0 1 0 0 2
0 1 0 1 0 1 5
0 1 0 1 1 0 18
0 1 0 1 1 1 3
0 1 1 0 0 0 17
0 1 1 0 0 1 7
0 1 1 0 1 0 5
0 1 1 0 1 1 0
0 1 1 1 0 0 14
0 1 1 1 0 1 19
0 1 1 1 1 0 1
0 1 1 1 1 1 3
1 0 0 0 0 0 17
1 0 0 0 0 1 12
1 0 0 0 1 0 11
1 0 0 0 1 1 18
1 0 0 1 0 0 17
1 0 0 1 0 1 0
1 0 0 1 1 0 19
1 0 0 1 1 1 13
1 0 1 0 0 0 2
1 0 1 0 0 1 19
1 0 1 0 1 0 12
1 0 1 0 1 1 17
1 0 1 1 0 0 18
1 0 1 1 0 1 9
1 0 1 1 1 0 3
1 0 1 1 1 1 12
1 1 0 0 0 0 20
1 1 0 0 0 1 17
1 1 0 0 1 0 19
1 1 0 0 1 1 0
1 1 0 1 0 0 14
1 1 0 1 0 1 17
1 1 0 1 1 0 20
1 1 0 1 1 1 2
1 1 1 0 0 0 9
1 1 1 0 0 1 3
1 1 1 0 1 0 2
1 1 1 0 1 1 3
1 1 1 1 0 0 8
1 1 1 1 0 1 13
1 1 1 1 1 0 14
1 1 1 1 1 1 6
4 18 23 39 7 0 16
0 0 0 0 18
0 0 0 1 6
0 0 1 0 12
0 0 1 1 3
0 1 0 0 18
0 1 0 1 0
0 1 1 0 12
0 1 1 1 14
1 0 0 0 1
1 0 0 1 11
1 0 1 0 6
1 0 1 1 16
1 1 0 0 4
1 1 0 1 6
1 1 1 0 9
1 1 1 1 10
6 32 6 47 48 18 21 0 64
0 0 0 0 0 0 2
0 0 0 0 0 1 0
0 0 0 0 1 0 14
0 0 0 0 1 1 19
0 0 0 1 0 0 13
0 0 0 1 0 1 10
0 0 0 1 1 0 3
0 0 0 1 1 1 4
0 0 1 0 0 0 14
0 0 1 0 0 1 17
0 0 1 0 1 0 13
0 0 1 0 1 1 4
0 0 1 1 0 0 19
0 0 1 1 0 1 7
0 0 1 1 1 0 14
0 0 1 1 1 1 2
0 1 0 0 0 0 5
0 1 0 0 0 1 6
0 1 0 0 1 0 15
0 1 0 0 1 1 2
0 1 0 1 0 0 17
0 1 0 1 0 1 19
0 1 0 1 1 0 18
0 1 0 1 1 1 11
0 1 1 0 0 0 3
0 1 1 0 0 1 18
0 1 1 0 1 0 9
0 1 1 0 1 1 11
0 1 1 1 0 0 10
0 1 1 1 0 1 12
0 1 1 1 1 0 17
0 1 1 1 1 1 3
1 0 0 0 0 0 19
1 0 0 0 0 1 18
1 0 0 0 1 0 2
1 0 0 0 1 1 5
1 0 0 1 0 0 17
1 0 0 1 0 1 16
1 0 0 1 1 0 17
1 0 0 1 1 1 19
1 0 1 0 0 0 2
1 0 1 0 0 1 10
1 0 1 0 1 0 6
1 0 1 0 1 1 14
1 0 1 1 0 0 0
1 0 1 1 0 1 3
1 0 1 1 1 0 18
1 0 1 1 1 1 8
1 1 0 0 0 0 9
1 1 0 0 0 1 15
1 1 0 0 1 0 6
1 1 0 0 1 1 13
1 1 0 1 0 0 15
1 1 0 1 0 1 6
1 1 0 1 1 0 0
1 1 0 1 1 1 19
1 1 1 0 0 0 6
1 1 1 0 0 1 17
1 1 1 0 1 0 11
1 1 1 0 1 1 11
1 1 1 1 0 0 3
1 1 1 1 0 1 8
1 1 1 1 1 0 8
1 1 1 1 1 1 17
5 34 41 14 27 29 0 32
0 0 0 0 0 14
0 0 0 0 1 13
0 0 0 1 0 3
0 0 0 1 1 20
0 0 1 0 0 1
0 0 1 0 1 20
0 0 1 1 0 5
0 0 1 1 1 10
0 1 0 0 0 18
0 1 0 0 1 0
0 1 0 1 0 0
0 1 0 1 1 18
0 1 1 0 0 15
0 1 1 0 1 15
0 1 1 1 0 12
0 1 1 1 1 20
1 0 0 0 0 4
1 0 0 0 1 13
1 0 0 1 0 7
1 0 0 1 1 12
1 0 1 0 0 6
1 0 1 0 1 1
1 0 1 1 0 11
1 0 1 1 1 12
1 1 0 0 0 20
1 1 0 0 1 10
1 1 0 1 0 9
1 1 0 1 1 5
1 1 1 0 0 7
1 1 1 0 1 12
1 1 1 1 0 8
1 1 1 1 1 14
1 39 0 2
0 4
1 12
5 4 42 46 20 27 0 32
0 0 0 0 0 8
0 0 0 0 1 10
0 0 0 1 0 1
0 0 0 1 1 6
0 0 1 0 0 0
0 0 1 0 1 4
0 0 1 1 0 1
0 0 1 1 1 1
0 1 0 0 0 13
0 1 0 0 1 2
0 1 0 1 0 10
0 1 0 1 1 16
0 1 1 0 0 15
0 1 1 0 1 17
0 1 1 1 0 1
0 1 1 1 1 17
1 0 0 0 0 5
1 0 0 0 1 12
1 0 0 1 0 8
1 0 0 1 1 11
1 0 1 0 0 10
1 0 1 0 1 7
1 0 1 1 0 16
1 0 1 1 1 7
1 1 0 0 0 13
1 1 0 0 1 12
1 1 0 1 0 9
1 1 0 1 1 4
1 1 1 0 0 17
1 1 1 0 1 4
1 1 1 1 0 7
1 1 1 1 1 2
3 35 36 14 0 8
0 0 0 7
0 0 1 4
0 1 0 1
0 1 1 15
1 0 0 8
1 0 1 0
1 1 0 0
1 1 1 11
4 18 10 34 31 0 16
0 0 0 0 5
0 0 0 1 13
0 0 1 0 20
0 0 1 1 12
0 1 0 0 4
0 1 0 1 4
0 1 1 0 5
0 1 1 1 5
1 0 0 0 17
1 0 0 1 1
1 0 1 0 10
1 0 1 1 1
1 1 0 0 16
1 1 0 1 10
1 1 1 0 12
1 1 1 1 8
1 10 0 2
0 5
1 5
1 13 0 2
0 9
1 9
5 2 35 42 21 25 0 32
0 0 0 0 0 17
0 0 0 0 1 16
0 0 0 1 0 19
0 0 0 1 1 11
0 0 1 0 0 9
0 0 1 0 1 17
0 0 1 1 0 15
0 0 1 1 1 2
0 1 0 0 0 12
0 1 0 0 1 10
0 1 0 1 0 12
0 1 0 1 1 4
0 1 1 0 0 17
0 1 1 0 1 2
0 1 1 1 0 17
0 1 1 1 1 13
1 0 0 0 0 4
1 0 0 0 1 13
1 0 0 1 0 7
1 0 0 1 1 15
1 0 1 0 0 19
1 0 1 0 1 16
1 0 1 1 0 0
1 0 1 1 1 0
1 1 0 0 0 10
1 1 0 0 1 6
1 1 0 1 0 13
1 1 0 1 1 20
1 1 1 0 0 16
1 1 1 0 1 4
1 1 1 1 0 2
1 1 1 1 1 17
5 8 10 14 23 31 0 32
0 0 0 0 0 19
0 0 0 0 1 17
0 0 0 1 0 11
0 0 0 1 1 3
0 0 1 0 0 14
0 0 1 0 1 6
0 0 1 1 0 20
0 0 1 1 1 14
0 1 0 0 0 13
0 1 0 0 1 15
0 1 0 1 0 20
0 1 0 1 1 8
0 1 1 0 0 16
0 1 1 0 1 1
0 1 1 1 0 7
0 1 1 1 1 0
1 0 0 0 0 10
1 0 0 0 1 15
1 0 0 1 0 15
1 0 0 1 1 5
1 0 1 0 0 7
1 0 1 0 1 16
1 0 1 1 0 9
1 0 1 1 1 6
1 1 0 0 0 10
1 1 0 0 1 19
1 1 0 1 0 3
1 1 0 1 1 7
1 1 1 0 0 14
1 1 1 0 1 15
1 1 1 1 0 14
1 1 1 1 1 9
2 40 4 0 4
0 0 14
0 1 14
1 0 0
1 1 6
4 43 11 28 15 0 16
0 0 0 0 6
0 0 0 1 12
0 0 1 0 7
0 0 1 1 11
0 1 0 0 19
0 1 0 1 9
0 1 1 0 17
0 1 1 1 11
1 0 0 0 12
1 0 0 1 0
1 0 1 0 7
1 0 1 1 9
1 1 0 0 18
1 1 0 1 20
1 1 1 0 18
1 1 1 1 11
4 24 16 26 19 0 16
0 0 0 0 5
0 0 0 1 10
0 0 1 0 5
0 0 1 1 13
0 1 0 0 18
0 1 0 1 10
0 1 1 0 1
0 1 1 1 10
1 0 0 0 5
1 0 0 1 17
1 0 1 0 9
1 0 1 1 17
1 1 0 0 2
1 1 0 1 11
1 1 1 0 9
1 1 1 1 8
6 0 3 10 43 18 19 0 64
0 0 0 0 0 0 1
0 0 0 0 0 1 18
0 0 0 0 1 0 3
0 0 0 0 1 1 20
0 0 0 1 0 0 5
0 0 0 1 0 1 9
0 0 0 1 1 0 17
0 0 0 1 1 1 6
0 0 1 0 0 0 10
0 0 1 0 0 1 7
0 0 1 0 1 0 17
0 0 1 0 1 1 7
0 0 1 1 0 0 14
0 0 1 1 0 1 14
0 0 1 1 1 0 0
0 0 1 1 1 1 14
0 1 0 0 0 0 7
0 1 0 0 0 1 13
0 1 0 0 1 0 6
0 1 0 0 1 1 5
0 1 0 1 0 0 16
0 1 0 1 0 1 0
0 1 0 1 1 0 3
0 1 0 1 1 1 11
0 1 1 0 0 0 7
0 1 1 0 0 1 18
0 1 1 0 1 0 5
0 1 1 0 1 1 20
0 1 1 1 0 0 18
0 1 1 1 0 1 12
0 1 1 1 1 0 12
0 1 1 1 1 1 16
1 0 0 0 0 0 13
1 0 0 0 0 1 20
1 0 0 0 1 0 12
1 0 0 0 1 1 14
1 0 0 1 0 0 15
1 0 0 1 0 1 14
1 0 0 1 1 0 0
1 0 0 1 1 1 8
1 0 1 0 0 0 5
1 0 1 0 0 1 7
1 0 1 0 1 0 14
1 0 1 0 1 1 19
1 0 1 1 0 0 4
1 0 1 1 0 1 13
1 0 1 1 1 0 8
1 0 1 1 1 1 1
1 1 0 0 0 0 7
1 1 0 0 0 1 13
1 1 0 0 1 0 8
1 1 0 0 1 1 18
1 1 0 1 0 0 11
1 1 0 1 0 1 18
1 1 0 1 1 0 10
1 1 0 1 1 1 19
1 1 1 0 0 0 12
1 1 1 0 0 1 2
1 1 1 0 1 0 11
1 1 1 0 1 1 3
1 1 1 1 0 0 18
1 1 1 1 0 1 16
1 1 1 1 1 0 4
1 1 1 1 1 1 14
3 24 6 7 0 8
0 0 0 18
0 0 1 12
0 1 0 17
0 1 1 12
1 0 0 17
1 0 1 7
1 1 0 0
1 1 1 17
6 0 4 41 47 18 23 0 64
0 0 0 0 0 0 13
0 0 0 0 0 1 19
0 0 0 0 1 0 4
0 0 0 0 1 1 10
0 0 0 1 0 0 18
0 0 0 1 0 1 7
0 0 0 1 1 0 0
0 0 0 1 1 1 7
0 0 1 0 0 0 19
0 0 1 0 0 1 3
0 0 1 0 1 0 11
0 0 1 0 1 1 15
0 0 1 1 0 0 2
0 0 1 1 0 1 15
0 0 1 1 1 0 11
0 0 1 1 1 1 19
0 1 0 0 0 0 4
0 1 0 0 0 1 19
0 1 0 0 1 0 5
0 1 0 0 1 1 15
0 1 0 1 0 0 2
0 1 0 1 0 1 1
0 1 0 1 1 0 20
0 1 0 1 1 1 7
0 1 1 0 0 0 16
0 1 1 0 0 1 11
0 1 1 0 1 0 6
0 1 1 0 1 1 7
0 1 1 1 0 0 17
0 1 1 1 0 1 9
0 1 1 1 1 0 14
0 1 1 1 1 1 4
1 0 0 0 0 0 4
1 0 0 0 0 1 8
1 0 0 0 1 0 10
1 0 0 0 1 1 18
1 0 0 1 0 0 17
1 0 0 1 0 1 16
1 0 0 1 1 0 10
1 0 0 1 1 1 6
1 0 1 0 0 0 5
1 0 1 0 0 1 17
1 0 1 0 1 0 2
1 0 1 0 1 1 14
1 0 1 1 0 0 20
1 0 1 1 0 1 7
1 0 1 1 1 0 16
1 0 1 1 1 1 9
1 1 0 0 0 0 19
1 1 0 0 0 1 7
1 1 0 0 1 0 5
1 1 0 0 1 1 17
1 1 0 1 0 0 0
1 1 0 1 0 1 13
1 1 0 1 1 0 4
1 1 0 1 1 1 16
1 1 1 0 0 0 18
1 1 1 0 0 1 4
1 1 1 0 1 0 1
1 1 1 0 1 1 17
1 1 1 1 0 0 18
1 1 1 1 0 1 7
1 1 1 1 1 0 19
1 1 1 1 1 1 0
3 25 44 38 0 8
0 0 0 12
0 0 1 10
0 1 0 16
0 1 1 0
1 0 0 11
1 0 1 8
1 1 0 16
1 1 1 6
3 48 33 12 0 8
0 0 0 19
0 0 1 7
0 1 0 10
0 1 1 19
1 0 0 17
1 0 1 10
1 1 0 17
1 1 1 18
5 3 35 37 41 16 0 32
0 0 0 0 0 13
0 0 0 0 1 11
0 0 0 1 0 12
0 0 0 1 1 17
0 0 1 0 0 4
0 0 1 0 1 15
0 0 1 1 0 3
0 0 1 1 1 6
0 1 0 0 0 9
0 1 0 0 1 8
0 1 0 1 0 9
0 1 0 1 1 6
0 1 1 0 0 18
0 1 1 0 1 11
0 1 1 1 0 12
0 1 1 1 1 0
1 0 0 0 0 8
1 0 0 0 1 17
1 0 0 1 0 3
1 0 0 1 1 11
1 0 1 0 0 11
1 0 1 0 1 17
1 0 1 1 0 4
1 0 1 1 1 13
1 1 0 0 0 16
1 1 0 0 1 0
1 1 0 1 0 1
1 1 0 1 1 10
1 1 1 0 0 9
1 1 1 0 1 10
1 1 1 1 0 18
1 1 1 1 1 12
6 34 2 6 8 12 30 0 64
0 0 0 0 0 0 19
0 0 0 0 0 1 18
0 0 0 0 1 0 12
0 0 0 0 1 1 15
0 0 0 1 0 0 19
0 0 0 1 0 1 6
0 0 0 1 1 0 14
0 0 0 1 1 1 14
0 0 1 0 0 0 20
0 0 1 0 0 1 20
0 0 1 0 1 0 16
0 0 1 0 1 1 18
0 0 1 1 0 0 2
0 0 1 1 0 1 18
0 0 1 1 1 0 1
0 0 1 1 1 1 11
0 1 0 0 0 0 1
0 1 0 0 0 1 17
0 1 0 0 1 0 9
0 1 0 0 1 1 15
0 1 0 1 0 0 6
0 1 0 1 0 1 12
0 1 0 1 1 0 19
0 1 0 1 1 1 11
0 1 1 0 0 0 3
0 1 1 0 0 1 9
0 1 1 0 1 0 18
0 1 1 0 1 1 8
0 1 1 1 0 0 11
0 1 1 1 0 1 11
0 1 1 1 1 0 3
0 1 1 1 1 1 12
1 0 0 0 0 0 12
1 0 0 0 0 1 15
1 0 0 0 1 0 6
1 0 0 0 1 1 19
1 0 0 1 0 0 14
1 0 0 1 0 1 17
1 0 0 1 1 0 7
1 0 0 1 1 1 1
1 0 1 0 0 0 7
1 0 1 0 0 1 13
1 0 1 0 1 0 12
1 0 1 0 1 1 1
1 0 1 1 0 0 4
1 0 1 1 0 1 13
1 0 1 1 1 0 4
1 0 1 1 1 1 0
1 1 0 0 0 0 3
1 1 0 0 0 1 7
1 1 0 0 1 0 13
1 1 0 0 1 1 11
1 1 0 1 0 0 5
1 1 0 1 0 1 10
1 1 0 1 1 0 11
1 1 0 1 1 1 19
1 1 1 0 0 0 4
1 1 1 0 0 1 2
1 1 1 0 1 0 6
1 1 1 0 1 1 17
1 1 1 1 0 0 9
1 1 1 1 0 1 8
1 1 1 1 1 0 20
1 1 1 1 1 1 9
4 0 9 30 7 0 16
0 0 0 0 16
0 0 0 1 11
0 0 1 0 18
0 0 1 1 12
0 1 0 0 20
0 1 0 1 20
0 1 1 0 7
0 1 1 1 2
1 0 0 0 8
1 0 0 1 6
1 0 1 0 10
1 0 1 1 15
1 1 0 0 12
1 1 0 1 4
1 1 1 0 2
1 1 1 1 3
1 42 0 2
0 16
1 0
4 1 34 45 15 0 16
0 0 0 0 2
0 0 0 1 19
0 0 1 0 11
0 0 1 1 11
0 1 0 0 14
0 1 0 1 17
0 1 1 0 19
0 1 1 1 14
1 0 0 0 8
1 0 0 1 3
1 0 1 0 9
1 0 1 1 6
1 1 0 0 4
1 1 0 1 8
1 1 1 0 5
1 1 1 1 5
5 2 36 12 46 23 0 32
0 0 0 0 0 11
0 0 0 0 1 3
0 0 0 1 0 1
0 0 0 1 1 7
0 0 1 0 0 0
0 0 1 0 1 20
0 0 1 1 0 9
0 0 1 1 1 18
0 1 0 0 0 14
0 1 0 0 1 17
0 1 0 1 0 9
0 1 0 1 1 8
0 1 1 0 0 9
0 1 1 0 1 4
0 1 1 1 0 10
0 1 1 1 1 19
1 0 0 0 0 4
1 0 0 0 1 2
1 0 0 1 0 3
1 0 0 1 1 7
1 0 1 0 0 4
1 0 1 0 1 19
1 0 1 1 0 12
1 0 1 1 1 19
1 1 0 0 0 1
1 1 0 0 1 8
1 1 0 1 0 5
1 1 0 1 1 15
1 1 1 0 0 10
1 1 1 0 1 10
1 1 1 1 0 10
1 1 1 1 1 12
1 5 0 2
0 14
1 20
1 35 0 2
0 4
1 16
3 19 22 23 0 8
0 0 0 9
0 0 1 0
0 1 0 2
0 1 1 6
1 0 0 14
1 0 1 18
1 1 0 15
1 1 1 16
6 32 5 14 20 24 25 0 64
0 0 0 0 0 0 14
0 0 0 0 0 1 10
0 0 0 0 1 0 12
0 0 0 0 1 1 1
0 0 0 1 0 0 13
0 0 0 1 0 1 15
0 0 0 1 1 0 1
0 0 0 1 1 1 0
0 0 1 0 0 0 20
0 0 1 0 0 1 9
0 0 1 0 1 0 5
0 0 1 0 1 1 14
0 0 1 1 0 0 9
0 0 1 1 0 1 20
0 0 1 1 1 0 12
0 0 1 1 1 1 1
0 1 0 0 0 0 9
0 1 0 0 0 1 3
0 1 0 0 1 0 19
0 1 0 0 1 1 18
0 1 0 1 0 0 2
0 1 0 1 0 1 5
0 1 0 1 1 0 14
0 1 0 1 1 1 12
0 1 1 0 0 0 14
0 1 1 0 0 1 20
0 1 1 0 1 0 18
0 1 1 0 1 1 20
0 1 1 1 0 0 14
0 1 1 1 0 1 6
0 1 1 1 1 0 18
0 1 1 1 1 1 3
1 0 0 0 0 0 7
1 0 0 0 0 1 4
1 0 0 0 1 0 3
1 0 0 0 1 1 1
1 0 0 1 0 0 14
1 0 0 1 0 1 19
1 0 0 1 1 0 7
1 0 0 1 1 1 9
1 0 1 0 0 0 20
1 0 1 0 0 1 5
1 0 1 0 1 0 1
1 0 1 0 1 1 7
1 0 1 1 0 0 2
1 0 1 1 0 1 1
1 0 1 1 1 0 2
1 0 1 1 1 1 14
1 1 0 0 0 0 15
1 1 0 0 0 1 0
1 1 0 0 1 0 18
1 1 0 0 1 1 9
1 1 0 1 0 0 1
1 1 0 1 0 1 9
1 1 0 1 1 0 4
1 1 0 1 1 1 8
1 1 1 0 0 0 2
1 1 1 0 0 1 4
1 1 1 0 1 0 2
1 1 1 0 1 1 10
1 1 1 1 0 0 20
1 1 1 1 0 1 20
1 1 1 1 1 0 19
1 1 1 1 1 1 20
5 4 45 23 24 27 0 32
0 0 0 0 0 4
0 0 0 0 1 13
0 0 0 1 0 18
0 0 0 1 1 20
0 0 1 0 0 15
0 0 1 0 1 9
0 0 1 1 0 13
0 0 1 1 1 10
0 1 0 0 0 2
0 1 0 0 1 17
0 1 0 1 0 3
0 1 0 1 1 9
0 1 1 0 0 19
0 1 1 0 1 2
0 1 1 1 0 1
0 1 1 1 1 4
1 0 0 0 0 16
1 0 0 0 1 18
1 0 0 1 0 14
1 0 0 1 1 20
1 0 1 0 0 17
1 0 1 0 1 6
1 0 1 1 0 14
1 0 1 1 1 13
1 1 0 0 0 2
1 1 0 0 1 17
1 1 0 1 0 2
1 1 0 1 1 2
1 1 1 0 0 11
1 1 1 0 1 3
1 1 1 1 0 9
1 1 1 1 1 13
3 4 13 47 0 8
0 0 0 10
0 0 1 1
0 1 0 7
0 1 1 3
1 0 0 5
1 0 1 9
1 1 0 12
1 1 1 11
4 25 45 30 15 0 16
0 0 0 0 19
0 0 0 1 8
0 0 1 0 6
0 0 1 1 18
0 1 0 0 6
0 1 0 1 8
0 1 1 0 19
0 1 1 1 16
1 0 0 0 9
1 0 0 1 2
1 0 1 0 15
1 0 1 1 14
1 1 0 0 1
1 1 0 1 4
1 1 1 0 6
1 1 1 1 14
1 23 0 2
0 9
1 15
2 37 15 0 4
0 0 8
0 1 3
1 0 18
1 1 20
4 9 10 38 47 0 16
0 0 0 0 12
0 0 0 1 13
0 0 1 0 16
0 0 1 1 7
0 1 0 0 7
0 1 0 1 0
0 1 1 0 19
0 1 1 1 2
1 0 0 0 19
1 0 0 1 9
1 0 1 0 17
1 0 1 1 12
1 1 0 0 4
1 1 0 1 14
1 1 1 0 15
1 1 1 1 16
4 8 25 29 30 0 16
0 0 0 0 12
0 0 0 1 0
0 0 1 0 1
0 0 1 1 9
0 1 0 0 5
0 1 0 1 10
0 1 1 0 9
0 1 1 1 11
1 0 0 0 17
1 0 0 1 7
1 0 1 0 1
1 0 1 1 12
1 1 0 0 2
1 1 0 1 11
1 1 1 0 13
1 1 1 1 4
5 13 48 16 30 31 0 32
0 0 0 0 0 7
0 0 0 0 1 15
0 0 0 1 0 3
0 0 0 1 1 0
0 0 1 0 0 17
0 0 1 0 1 5
0 0 1 1 0 18
0 0 1 1 1 4
0 1 0 0 0 6
0 1 0 0 1 10
0 1 0 1 0 2
0 1 0 1 1 14
0 1 1 0 0 0
0 1 1 0 1 6
0 1 1 1 0 12
0 1 1 1 1 5
1 0 0 0 0 6
1 0 0 0 1 18
1 0 0 1 0 15
1 0 0 1 1 6
1 0 1 0 0 10
1 0 1 0 1 14
1 0 1 1 0 12
1 0 1 1 1 11
1 1 0 0 0 19
1 1 0 0 1 7
1 1 0 1 0 3
1 1 0 1 1 14
1 1 1 0 0 14
1 1 1 0 1 3
1 1 1 1 0 3
1 1 1 1 1 11
3 40 17 44 0 8
0 0 0 7
0 0 1 12
0 1 0 14
0 1 1 8
1 0 0 11
1 0 1 13
1 1 0 5
1 1 1 8
5 38 45 46 15 16 0 32
0 0 0 0 0 5
0 0 0 0 1 20
0 0 0 1 0 11
0 0 0 1 1 0
0 0 1 0 0 12
0 0 1 0 1 16
0 0 1 1 0 10
0 0 1 1 1 5
0 1 0 0 0 3
0 1 0 0 1 12
0 1 0 1 0 1
0 1 0 1 1 13
0 1 1 0 0 13
0 1 1 0 1 14
0 1 1 1 0 2
0 1 1 1 1 11
1 0 0 0 0 15
1 0 0 0 1 7
1 0 0 1 0 7
1 0 0 1 1 17
1 0 1 0 0 18
1 0 1 0 1 10
1 0 1 1 0 11
1 0 1 1 1 20
1 1 0 0 0 4
1 1 0 0 1 4
1 1 0 1 0 5
1 1 0 1 1 12
1 1 1 0 0 10
1 1 1 0 1 6
1 1 1 1 0 6
1 1 1 1 1 1
2 4 44 0 4
0 0 11
0 1 0
1 0 11
1 1 12
2 27 22 0 4
0 0 0
0 1 19
1 0 5
1 1 0
6 4 14 48 22 25 31 0 64
0 0 0 0 0 0 12
0 0 0 0 0 1 17
0 0 0 0 1 0 16
0 0 0 0 1 1 1
0 0 0 1 0 0 1
0 0 0 1 0 1 15
0 0 0 1 1 0 10
0 0 0 1 1 1 17
0 0 1 0 0 0 19
0 0 1 0 0 1 19
0 0 1 0 1 0 17
0 0 1 0 1 1 2
0 0 1 1 0 0 19
0 0 1 1 0 1 6
0 0 1 1 1 0 19
0 0 1 1 1 1 18
0 1 0 0 0 0 13
0 1 0 0 0 1 13
0 1 0 0 1 0 15
0 1 0 0 1 1 3
0 1 0 1 0 0 9
0 1 0 1 0 1 15
0 1 0 1 1 0 19
0 1 0 1 1 1 2
0 1 1 0 0 0 5
0 1 1 0 0 1 16
0 1 1 0 1 0 17
0 1 1 0 1 1 6
0 1 1 1 0 0 19
0 1 1 1 0 1 8
0 1 1 1 1 0 18
0 1 1 1 1 1 13
1 0 0 0 0 0 18
1 0 0 0 0 1 4
1 0 0 0 1 0 11
1 0 0 0 1 1 10
1 0 0 1 0 0 13
1 0 0 1 0 1 15
1 0 0 1 1 0 8
1 0 0 1 1 1 7
1 0 1 0 0 0 11
1 0 1 0 0 1 19
1 0 1 0 1 0 19
1 0 1 0 1 1 19
1 0 1 1 0 0 5
1 0 1 1 0 1 2
1 0 1 1 1 0 13
1 0 1 1 1 1 6
1 1 0 0 0 0 16
1 1 0 0 0 1 16
1 1 0 0 1 0 5
1 1 0 0 1 1 0
1 1 0 1 0 0 11
1 1 0 1 0 1 2
1 1 0 1 1 0 13
1 1 0 1 1 1 18
1 1 1 0 0 0 7
1 1 1 0 0 1 17
1 1 1 0 1 0 13
1 1 1 0 1 1 6
1 1 1 1 0 0 16
1 1 1 1 0 1 20
1 1 1 1 1 0 2
1 1 1 1 1 1 13
5 35 37 39 15 25 0 32
0 0 0 0 0 13
0 0 0 0 1 14
0 0 0 1 0 6
0 0 0 1 1 17
0 0 1 0 0 18
0 0 1 0 1 18
0 0 1 1 0 19
0 0 1 1 1 3
0 1 0 0 0 11
0 1 0 0 1 17
0 1 0 1 0 1
0 1 0 1 1 5
0 1 1 0 0 6
0 1 1 0 1 12
0 1 1 1 0 16
0 1 1 1 1 3
1 0 0 0 0 9
1 0 0 0 1 13
1 0 0 1 0 13
1 0 0 1 1 17
1 0 1 0 0 8
1 0 1 0 1 9
1 0 1 1 0 9
1 0 1 1 1 6
1 1 0 0 0 8
1 1 0 0 1 18
1 1 0 1 0 4
1 1 0 1 1 17
1 1 1 0 0 2
1 1 1 0 1 16
1 1 1 1 0 5
1 1 1 1 1 17
1 8 0 2
0 18
1 6
4 8 21 22 15 0 16
0 0 0 0 10
0 0 0 1 19
0 0 1 0 16
0 0 1 1 20
0 1 0 0 19
0 1 0 1 9
0 1 1 0 20
0 1 1 1 18
1 0 0 0 20
1 0 0 1 13
1 0 1 0 3
1 0 1 1 7
1 1 0 0 2
1 1 0 1 1
1 1 1 0 2
1 1 1 1 14
3 33 30 15 0 8
0 0 0 10
0 0 1 1
0 1 0 15
0 1 1 9
1 0 0 16
1 0 1 9
1 1 0 7
1 1 1 13
3 9 29 22 0 8
0 0 0 2
0 0 1 20
0 1 0 11
0 1 1 18
1 0 0 15
1 0 1 13
1 1 0 6
1 1 1 17
5 32 0 38 39 42 0 32
0 0 0 0 0 17
0 0 0 0 1 18
0 0 0 1 0 13
0 0 0 1 1 4
0 0 1 0 0 3
0 0 1 0 1 4
0 0 1 1 0 12
0 0 1 1 1 6
0 1 0 0 0 5
0 1 0 0 1 17
0 1 0 1 0 20
0 1 0 1 1 7
0 1 1 0 0 7
0 1 1 0 1 9
0 1 1 1 0 15
0 1 1 1 1 2
1 0 0 0 0 17
1 0 0 0 1 16
1 0 0 1 0 8
1 0 0 1 1 12
1 0 1 0 0 9
1 0 1 0 1 2
1 0 1 1 0 14
1 0 1 1 1 5
1 1 0 0 0 7
1 1 0 0 1 8
1 1 0 1 0 7
1 1 0 1 1 2
1 1 1 0 0 10
1 1 1 0 1 5
1 1 1 1 0 2
1 1 1 1 1 5
5 0 33 34 2 45 0 32
0 0 0 0 0 17
0 0 0 0 1 12
0 0 0 1 0 13
0 0 0 1 1 15
0 0 1 0 0 9
0 0 1 0 1 12
0 0 1 1 0 15
0 0 1 1 1 1
0 1 0 0 0 14
0 1 0 0 1 7
0 1 0 1 0 15
0 1 0 1 1 12
0 1 1 0 0 17
0 1 1 0 1 18
0 1 1 1 0 16
0 1 1 1 1 3
1 0 0 0 0 13
1 0 0 0 1 17
1 0 0 1 0 11
1 0 0 1 1 4
1 0 1 0 0 3
1 0 1 0 1 15
1 0 1 1 0 12
1 0 1 1 1 9
1 1 0 0 0 0
1 1 0 0 1 10
1 1 0 1 0 6
1 1 0 1 1 4
1 1 1 0 0 11
1 1 1 0 1 12
1 1 1 1 0 12
1 1 1 1 1 15
3 2 46 22 0 8
0 0 0 14
0 0 1 7
0 1 0 10
0 1 1 13
1 0 0 0
1 0 1 0
1 1 0 1
1 1 1 13
3 9 26 10 0 8
0 0 0 17
0 0 1 9
0 1 0 10
0 1 1 7
1 0 0 6
1 0 1 8
1 1 0 9
1 1 1 1
1 32 0 2
0 14
1 2
4 41 10 27 15 0 16
0 0 0 0 19
0 0 0 1 5
0 0 1 0 6
0 0 1 1 18
0 1 0 0 8
0 1 0 1 0
0 1 1 0 5
0 1 1 1 9
1 0 0 0 18
1 0 0 1 2
1 0 1 0 1
1 0 1 1 12
1 1 0 0 12
1 1 0 1 20
1 1 1 0 6
1 1 1 1 14
5 1 10 22 24 30 0 32
0 0 0 0 0 6
0 0 0 0 1 7
0 0 0 1 0 2
0 0 0 1 1 10
0 0 1 0 0 4
0 0 1 0 1 16
0 0 1 1 0 8
0 0 1 1 1 11
0 1 0 0 0 3
0 1 0 0 1 11
0 1 0 1 0 17
0 1 0 1 1 3
0 1 1 0 0 12
0 1 1 0 1 12
0 1 1 1 0 7
0 1 1 1 1 0
1 0 0 0 0 8
1 0 0 0 1 8
1 0 0 1 0 12
1 0 0 1 1 0
1 0 1 0 0 10
1 0 1 0 1 0
1 0 1 1 0 13
1 0 1 1 1 10
1 1 0 0 0 20
1 1 0 0 1 5
1 1 0 1 0 12
1 1 0 1 1 10
1 1 1 0 0 0
1 1 1 0 1 2
1 1 1 1 0 6
1 1 1 1 1 8
6 3 36 13 14 22 28 0 64
0 0 0 0 0 0 5
0 0 0 0 0 1 17
0 0 0 0 1 0 8
0 0 0 0 1 1 19
0 0 0 1 0 0 6
0 0 0 1 0 1 0
0 0 0 1 1 0 10
0 0 0 1 1 1 3
0 0 1 0 0 0 11
0 0 1 0 0 1 18
0 0 1 0 1 0 8
0 0 1 0 1 1 6
0 0 1 1 0 0 13
0 0 1 1 0 1 0
0 0 1 1 1 0 18
0 0 1 1 1 1 6
0 1 0 0 0 0 1
0 1 0 0 0 1 9
0 1 0 0 1 0 14
0 1 0 0 1 1 13
0 1 0 1 0 0 3
0 1 0 1 0 1 17
0 1 0 1 1 0 0
0 1 0 1 1 1 13
0 1 1 0 0 0 6
0 1 1 0 0 1 17
0 1 1 0 1 0 13
0 1 1 0 1 1 9
0 1 1 1 0 0 11
0 1 1 1 0 1 10
0 1 1 1 1 0 19
0 1 1 1 1 1 20
1 0 0 0 0 0 15
1 0 0 0 0 1 4
1 0 0 0 1 0 20
1 0 0 0 1 1 14
1 0 0 1 0 0 0
1 0 0 1 0 1 13
1 0 0 1 1 0 3
1 0 0 1 1 1 20
1 0 1 0 0 0 6
1 0 1 0 0 1 17
1 0 1 0 1 0 19
1 0 1 0 1 1 18
1 0 1 1 0 0 15
1 0 1 1 0 1 8
1 0 1 1 1 0 14
1 0 1 1 1 1 11
1 1 0 0 0 0 15
1 1 0 0 0 1 12
1 1 0 0 1 0 14
1 1 0 0 1 1 2
1 1 0 1 0 0 15
1 1 0 1 0 1 13
1 1 0 1 1 0 1
1 1 0 1 1 1 18
1 1 1 0 0 0 8
1 1 1 0 0 1 18
1 1 1 0 1 0 12
1 1 1 0 1 1 9
1 1 1 1 0 0 5
1 1 1 1 0 1 17
1 1 1 1 1 0 18
1 1 1 1 1 1 8
5 0 8 10 15 27 0 32
0 0 0 0 0 20
0 0 0 0 1 2
0 0 0 1 0 10
0 0 0 1 1 11
0 0 1 0 0 1
0 0 1 0 1 3
0 0 1 1 0 18
0 0 1 1 1 17
0 1 0 0 0 20
0 1 0 0 1 3
0 1 0 1 0 2
0 1 0 1 1 4
0 1 1 0 0 3
0 1 1 0 1 12
0 1 1 1 0 9
0 1 1 1 1 8
1 0 0 0 0 16
1 0 0 0 1 7
1 0 0 1 0 10
1 0 0 1 1 0
1 0 1 0 0 10
1 0 1 0 1 19
1 0 1 1 0 0
1 0 1 1 1 18
1 1 0 0 0 20
1 1 0 0 1 8
1 1 0 1 0 7
1 1 0 1 1 14
1 1 1 0 0 4
1 1 1 0 1 1
1 1 1 1 0 10
1 1 1 1 1 16
5 1 35 15 18 23 0 32
0 0 0 0 0 5
0 0 0 0 1 5
0 0 0 1 0 3
0 0 0 1 1 16
0 0 1 0 0 5
0 0 1 0 1 14
0 0 1 1 0 20
0 0 1 1 1 1
0 1 0 0 0 1
0 1 0 0 1 6
0 1 0 1 0 13
0 1 0 1 1 11
0 1 1 0 0 17
0 1 1 0 1 1
0 1 1 1 0 12
0 1 1 1 1 8
1 0 0 0 0 7
1 0 0 0 1 14
1 0 0 1 0 18
1 0 0 1 1 19
1 0 1 0 0 19
1 0 1 0 1 9
1 0 1 1 0 11
1 0 1 1 1 19
1 1 0 0 0 3
1 1 0 0 1 11
1 1 0 1 0 13
1 1 0 1 1 0
1 1 1 0 0 1
1 1 1 0 1 7
1 1 1 1 0 10
1 1 1 1 1 0
5 40 9 45 47 23 0 32
0 0 0 0 0 11
0 0 0 0 1 18
0 0 0 1 0 17
0 0 0 1 1 11
0 0 1 0 0 15
0 0 1 0 1 15
0 0 1 1 0 8
0 0 1 1 1 10
0 1 0 0 0 3
0 1 0 0 1 0
0 1 0 1 0 12
0 1 0 1 1 3
0 1 1 0 0 2
0 1 1 0 1 13
0 1 1 1 0 11
0 1 1 1 1 6
1 0 0 0 0 1
1 0 0 0 1 5
1 0 0 1 0 10
1 0 0 1 1 1
1 0 1 0 0 10
1 0 1 0 1 17
1 0 1 1 0 19
1 0 1 1 1 7
1 1 0 0 0 7
1 1 0 0 1 12
1 1 0 1 0 19
1 1 0 1 1 5
1 1 1 0 0 13
1 1 1 0 1 15
1 1 1 1 0 18
1 1 1 1 1 20
3 10 28 45 0 8
0 0 0 5
0 0 1 10
0 1 0 11
0 1 1 16
1 0 0 16
1 0 1 7
1 1 0 4
1 1 1 17
5 0 6 39 17 31 0 32
0 0 0 0 0 9
0 0 0 0 1 5
0 0 0 1 0 15
0 0 0 1 1 15
0 0 1 0 0 8
0 0 1 0 1 1
0 0 1 1 0 8
0 0 1 1 1 14
0 1 0 0 0 10
0 1 0 0 1 2
0 1 0 1 0 2
0 1 0 1 1 5
0 1 1 0 0 10
0 1 1 0 1 20
0 1 1 1 0 17
0 1 1 1 1 14
1 0 0 0 0 18
1 0 0 0 1 11
1 0 0 1 0 10
1 0 0 1 1 11
1 0 1 0 0 3
1 0 1 0 1 5
1 0 1 1 0 16
1 0 1 1 1 20
1 1 0 0 0 4
1 1 0 0 1 5
1 1 0 1 0 2
1 1 0 1 1 19
1 1 1 0 0 11
1 1 1 0 1 12
1 1 1 1 0 12
1 1 1 1 1 15
