unknown 21 2 78 99999
1 2 2 2 1 2 1 2 2 1 1 1 2 1 2 2 2 2 2 1 1
2 2 2 2 2 2 2 2 2 2 2 2 2 2 2 2 2 2 2 2 2 
4 10 5 6 15 0 16
0 0 0 0 6
0 0 0 1 16
0 0 1 0 1
0 0 1 1 8
0 1 0 0 16
0 1 0 1 2
0 1 1 0 13
0 1 1 1 15
1 0 0 0 9
1 0 0 1 13
1 0 1 0 3
1 0 1 1 16
1 1 0 0 9
1 1 0 1 2
1 1 1 0 3
1 1 1 1 12
5 0 1 10 12 13 0 32
0 0 0 0 0 4
0 0 0 0 1 8
0 0 0 1 0 8
0 0 0 1 1 12
0 0 1 0 0 4
0 0 1 0 1 2
0 0 1 1 0 8
0 0 1 1 1 7
0 1 0 0 0 8
0 1 0 0 1 18
0 1 0 1 0 3
0 1 0 1 1 19
0 1 1 0 0 20
0 1 1 0 1 4
0 1 1 1 0 6
0 1 1 1 1 1
1 0 0 0 0 13
1 0 0 0 1 18
1 0 0 1 0 19
1 0 0 1 1 13
1 0 1 0 0 1
1 0 1 0 1 10
1 0 1 1 0 0
1 0 1 1 1 16
1 1 0 0 0 18
1 1 0 0 1 14
1 1 0 1 0 4
1 1 0 1 1 15
1 1 1 0 0 15
1 1 1 0 1 14
1 1 1 1 0 10
1 1 1 1 1 17
4 17 10 19 15 0 16
0 0 0 0 13
0 0 0 1 6
0 0 1 0 18
0 0 1 1 19
0 1 0 0 10
0 1 0 1 6
0 1 1 0 12
0 1 1 1 19
1 0 0 0 0
1 0 0 1 0
1 0 1 0 8
1 0 1 1 5
1 1 0 0 14
1 1 0 1 4
1 1 1 0 2
1 1 1 1 2
5 0 4 5 8 15 0 32
0 0 0 0 0 16
0 0 0 0 1 20
0 0 0 1 0 15
0 0 0 1 1 2
0 0 1 0 0 15
0 0 1 0 1 20
0 0 1 1 0 13
0 0 1 1 1 8
0 1 0 0 0 20
0 1 0 0 1 20
0 1 0 1 0 12
0 1 0 1 1 14
0 1 1 0 0 19
0 1 1 0 1 17
0 1 1 1 0 5
0 1 1 1 1 8
1 0 0 0 0 19
1 0 0 0 1 15
1 0 0 1 0 18
1 0 0 1 1 2
1 0 1 0 0 4
1 0 1 0 1 18
1 0 1 1 0 13
1 0 1 1 1 1
1 1 0 0 0 8
1 1 0 0 1 3
1 1 0 1 0 1
1 1 0 1 1 8
1 1 1 0 0 11
1 1 1 0 1 7
1 1 1 1 0 2
1 1 1 1 1 3
2 19 4 0 4
0 0 13
0 1 15
1 0 4
1 1 15
5 0 3 5 17 18 0 32
0 0 0 0 0 15
0 0 0 0 1 13
0 0 0 1 0 17
0 0 0 1 1 14
0 0 1 0 0 16
0 0 1 0 1 5
0 0 1 1 0 4
0 0 1 1 1 19
0 1 0 0 0 11
0 1 0 0 1 6
0 1 0 1 0 11
0 1 0 1 1 16
0 1 1 0 0 14
0 1 1 0 1 7
0 1 1 1 0 12
0 1 1 1 1 12
1 0 0 0 0 2
1 0 0 0 1 8
1 0 0 1 0 9
1 0 0 1 1 12
1 0 1 0 0 16
1 0 1 0 1 5
1 0 1 1 0 19
1 0 1 1 1 16
1 1 0 0 0 19
1 1 0 0 1 19
1 1 0 1 0 16
1 1 0 1 1 19
1 1 1 0 0 12
1 1 1 0 1 16
1 1 1 1 0 10
1 1 1 1 1 5
3 9 2 11 0 8
0 0 0 4
0 0 1 16
0 1 0 13
0 1 1 6
1 0 0 7
1 0 1 8
1 1 0 20
1 1 1 6
5 2 3 6 14 17 0 32
0 0 0 0 0 4
0 0 0 0 1 7
0 0 0 1 0 7
0 0 0 1 1 1
0 0 1 0 0 0
0 0 1 0 1 2
0 0 1 1 0 19
0 0 1 1 1 14
0 1 0 0 0 14
0 1 0 0 1 8
0 1 0 1 0 8
0 1 0 1 1 4
0 1 1 0 0 19
0 1 1 0 1 7
0 1 1 1 0 3
0 1 1 1 1 8
1 0 0 0 0 2
1 0 0 0 1 11
1 0 0 1 0 20
1 0 0 1 1 14
1 0 1 0 0 16
1 0 1 0 1 14
1 0 1 1 0 0
1 0 1 1 1 13
1 1 0 0 0 9
1 1 0 0 1 9
1 1 0 1 0 1
1 1 0 1 1 19
1 1 1 0 0 17
1 1 1 0 1 11
1 1 1 1 0 18
1 1 1 1 1 7
1 6 0 2
0 1
1 19
3 17 4 6 0 8
0 0 0 3
0 0 1 19
0 1 0 19
0 1 1 12
1 0 0 18
1 0 1 16
1 1 0 10
1 1 1 4
4 11 12 13 6 0 16
0 0 0 0 5
0 0 0 1 16
0 0 1 0 13
0 0 1 1 13
0 1 0 0 20
0 1 0 1 14
0 1 1 0 2
0 1 1 1 4
1 0 0 0 13
1 0 0 1 13
1 0 1 0 10
1 0 1 1 4
1 1 0 0 4
1 1 0 1 9
1 1 1 0 15
1 1 1 1 1
3 17 11 6 0 8
0 0 0 4
0 0 1 4
0 1 0 0
0 1 1 6
1 0 0 17
1 0 1 8
1 1 0 19
1 1 1 8
5 4 11 12 14 19 0 32
0 0 0 0 0 12
0 0 0 0 1 9
0 0 0 1 0 5
0 0 0 1 1 1
0 0 1 0 0 20
0 0 1 0 1 8
0 0 1 1 0 19
0 0 1 1 1 2
0 1 0 0 0 16
0 1 0 0 1 0
0 1 0 1 0 15
0 1 0 1 1 17
0 1 1 0 0 0
0 1 1 0 1 19
0 1 1 1 0 0
0 1 1 1 1 5
1 0 0 0 0 7
1 0 0 0 1 6
1 0 0 1 0 13
1 0 0 1 1 7
1 0 1 0 0 1
1 0 1 0 1 10
1 0 1 1 0 9
1 0 1 1 1 12
1 1 0 0 0 1
1 1 0 0 1 19
1 1 0 1 0 4
1 1 0 1 1 3
1 1 1 0 0 15
1 1 1 0 1 0
1 1 1 1 0 2
1 1 1 1 1 1
2 16 11 0 4
0 0 15
0 1 5
1 0 6
1 1 0
5 0 4 8 17 20 0 32
0 0 0 0 0 7
0 0 0 0 1 4
0 0 0 1 0 8
0 0 0 1 1 10
0 0 1 0 0 12
0 0 1 0 1 9
0 0 1 1 0 8
0 0 1 1 1 5
0 1 0 0 0 2
0 1 0 0 1 4
0 1 0 1 0 0
0 1 0 1 1 13
0 1 1 0 0 13
0 1 1 0 1 17
0 1 1 1 0 13
0 1 1 1 1 10
1 0 0 0 0 7
1 0 0 0 1 4
1 0 0 1 0 4
1 0 0 1 1 14
1 0 1 0 0 12
1 0 1 0 1 4
1 0 1 1 0 4
1 0 1 1 1 2
1 1 0 0 0 14
1 1 0 0 1 5
1 1 0 1 0 16
1 1 0 1 1 5
1 1 1 0 0 8
1 1 1 0 1 17
1 1 1 1 0 19
1 1 1 1 1 1
3 17 5 1 0 8
0 0 0 16
0 0 1 2
0 1 0 7
0 1 1 13
1 0 0 19
1 0 1 9
1 1 0 6
1 1 1 18
4 1 11 20 6 0 16
0 0 0 0 9
0 0 0 1 3
0 0 1 0 3
0 0 1 1 7
0 1 0 0 1
0 1 0 1 15
0 1 1 0 20
0 1 1 1 15
1 0 0 0 3
1 0 0 1 2
1 0 1 0 7
1 0 1 1 3
1 1 0 0 19
1 1 0 1 8
1 1 1 0 14
1 1 1 1 11
5 3 12 13 14 19 0 32
0 0 0 0 0 1
0 0 0 0 1 10
0 0 0 1 0 9
0 0 0 1 1 16
0 0 1 0 0 19
0 0 1 0 1 10
0 0 1 1 0 11
0 0 1 1 1 8
0 1 0 0 0 4
0 1 0 0 1 20
0 1 0 1 0 11
0 1 0 1 1 19
0 1 1 0 0 19
0 1 1 0 1 19
0 1 1 1 0 20
0 1 1 1 1 8
1 0 0 0 0 12
1 0 0 0 1 2
1 0 0 1 0 15
1 0 0 1 1 6
1 0 1 0 0 9
1 0 1 0 1 11
1 0 1 1 0 7
1 0 1 1 1 3
1 1 0 0 0 9
1 1 0 0 1 17
1 1 0 1 0 1
1 1 0 1 1 3
1 1 1 0 0 16
1 1 1 0 1 16
1 1 1 1 0 10
1 1 1 1 1 3
4 8 10 19 14 0 16
0 0 0 0 0
0 0 0 1 2
0 0 1 0 6
0 0 1 1 0
0 1 0 0 5
0 1 0 1 7
0 1 1 0 6
0 1 1 1 2
1 0 0 0 8
1 0 0 1 15
1 0 1 0 17
1 0 1 1 3
1 1 0 0 1
1 1 0 1 18
1 1 1 0 20
1 1 1 1 9
3 17 2 19 0 8
0 0 0 3
0 0 1 0
0 1 0 14
0 1 1 2
1 0 0 13
1 0 1 16
1 1 0 1
1 1 1 0
5 4 7 8 12 16 0 32
0 0 0 0 0 19
0 0 0 0 1 19
0 0 0 1 0 10
0 0 0 1 1 1
0 0 1 0 0 8
0 0 1 0 1 20
0 0 1 1 0 5
0 0 1 1 1 7
0 1 0 0 0 16
0 1 0 0 1 1
0 1 0 1 0 19
0 1 0 1 1 15
0 1 1 0 0 4
0 1 1 0 1 12
0 1 1 1 0 6
0 1 1 1 1 14
1 0 0 0 0 4
1 0 0 0 1 18
1 0 0 1 0 17
1 0 0 1 1 13
1 0 1 0 0 13
1 0 1 0 1 14
1 0 1 1 0 7
1 0 1 1 1 11
1 1 0 0 0 20
1 1 0 0 1 7
1 1 0 1 0 2
1 1 0 1 1 16
1 1 1 0 0 1
1 1 1 0 1 17
1 1 1 1 0 4
1 1 1 1 1 3
4 3 4 5 14 0 16
0 0 0 0 4
0 0 0 1 7
0 0 1 0 3
0 0 1 1 7
0 1 0 0 2
0 1 0 1 10
0 1 1 0 0
0 1 1 1 15
1 0 0 0 12
1 0 0 1 8
1 0 1 0 1
1 0 1 1 1
1 1 0 0 15
1 1 0 1 6
1 1 1 0 12
1 1 1 1 2
1 0 0 2
0 17
1 15
2 17 20 0 4
0 0 9
0 1 8
1 0 20
1 1 12
3 17 2 11 0 8
0 0 0 12
0 0 1 9
0 1 0 9
0 1 1 7
1 0 0 11
1 0 1 0
1 1 0 14
1 1 1 16
3 8 16 2 0 8
0 0 0 20
0 0 1 15
0 1 0 18
0 1 1 6
1 0 0 9
1 0 1 2
1 1 0 11
1 1 1 12
2 5 7 0 4
0 0 1
0 1 12
1 0 2
1 1 8
5 5 7 8 12 19 0 32
0 0 0 0 0 9
0 0 0 0 1 13
0 0 0 1 0 6
0 0 0 1 1 10
0 0 1 0 0 13
0 0 1 0 1 11
0 0 1 1 0 7
0 0 1 1 1 16
0 1 0 0 0 7
0 1 0 0 1 12
0 1 0 1 0 1
0 1 0 1 1 3
0 1 1 0 0 7
0 1 1 0 1 16
0 1 1 1 0 9
0 1 1 1 1 4
1 0 0 0 0 15
1 0 0 0 1 11
1 0 0 1 0 12
1 0 0 1 1 6
1 0 1 0 0 2
1 0 1 0 1 10
1 0 1 1 0 3
1 0 1 1 1 15
1 1 0 0 0 13
1 1 0 0 1 4
1 1 0 1 0 15
1 1 0 1 1 7
1 1 1 0 0 1
1 1 1 0 1 15
1 1 1 1 0 9
1 1 1 1 1 7
1 4 0 2
0 20
1 18
3 0 17 4 0 8
0 0 0 0
0 0 1 10
0 1 0 5
0 1 1 1
1 0 0 16
1 0 1 2
1 1 0 4
1 1 1 3
6 1 4 6 12 13 18 0 64
0 0 0 0 0 0 4
0 0 0 0 0 1 20
0 0 0 0 1 0 17
0 0 0 0 1 1 3
0 0 0 1 0 0 2
0 0 0 1 0 1 8
0 0 0 1 1 0 8
0 0 0 1 1 1 5
0 0 1 0 0 0 11
0 0 1 0 0 1 12
0 0 1 0 1 0 4
0 0 1 0 1 1 19
0 0 1 1 0 0 10
0 0 1 1 0 1 10
0 0 1 1 1 0 19
0 0 1 1 1 1 2
0 1 0 0 0 0 13
0 1 0 0 0 1 5
0 1 0 0 1 0 3
0 1 0 0 1 1 18
0 1 0 1 0 0 14
0 1 0 1 0 1 6
0 1 0 1 1 0 10
0 1 0 1 1 1 15
0 1 1 0 0 0 10
0 1 1 0 0 1 11
0 1 1 0 1 0 4
0 1 1 0 1 1 14
0 1 1 1 0 0 17
0 1 1 1 0 1 12
0 1 1 1 1 0 17
0 1 1 1 1 1 6
1 0 0 0 0 0 16
1 0 0 0 0 1 20
1 0 0 0 1 0 20
1 0 0 0 1 1 17
1 0 0 1 0 0 11
1 0 0 1 0 1 20
1 0 0 1 1 0 13
1 0 0 1 1 1 18
1 0 1 0 0 0 11
1 0 1 0 0 1 10
1 0 1 0 1 0 14
1 0 1 0 1 1 14
1 0 1 1 0 0 2
1 0 1 1 0 1 0
1 0 1 1 1 0 12
1 0 1 1 1 1 5
1 1 0 0 0 0 19
1 1 0 0 0 1 16
1 1 0 0 1 0 20
1 1 0 0 1 1 14
1 1 0 1 0 0 7
1 1 0 1 0 1 10
1 1 0 1 1 0 19
1 1 0 1 1 1 3
1 1 1 0 0 0 15
1 1 1 0 0 1 7
1 1 1 0 1 0 1
1 1 1 0 1 1 3
1 1 1 1 0 0 1
1 1 1 1 0 1 2
1 1 1 1 1 0 14
1 1 1 1 1 1 12
5 3 14 15 16 17 0 32
0 0 0 0 0 1
0 0 0 0 1 13
0 0 0 1 0 15
0 0 0 1 1 8
0 0 1 0 0 7
0 0 1 0 1 5
0 0 1 1 0 3
0 0 1 1 1 19
0 1 0 0 0 19
0 1 0 0 1 2
0 1 0 1 0 20
0 1 0 1 1 7
0 1 1 0 0 19
0 1 1 0 1 10
0 1 1 1 0 12
0 1 1 1 1 7
1 0 0 0 0 18
1 0 0 0 1 10
1 0 0 1 0 1
1 0 0 1 1 20
1 0 1 0 0 5
1 0 1 0 1 14
1 0 1 1 0 0
1 0 1 1 1 6
1 1 0 0 0 19
1 1 0 0 1 1
1 1 0 1 0 2
1 1 0 1 1 6
1 1 1 0 0 3
1 1 1 0 1 5
1 1 1 1 0 15
1 1 1 1 1 16
6 0 3 6 11 15 18 0 64
0 0 0 0 0 0 15
0 0 0 0 0 1 2
0 0 0 0 1 0 19
0 0 0 0 1 1 7
0 0 0 1 0 0 6
0 0 0 1 0 1 0
0 0 0 1 1 0 19
0 0 0 1 1 1 19
0 0 1 0 0 0 13
0 0 1 0 0 1 8
0 0 1 0 1 0 2
0 0 1 0 1 1 3
0 0 1 1 0 0 7
0 0 1 1 0 1 2
0 0 1 1 1 0 16
0 0 1 1 1 1 3
0 1 0 0 0 0 4
0 1 0 0 0 1 2
0 1 0 0 1 0 15
0 1 0 0 1 1 1
0 1 0 1 0 0 1
0 1 0 1 0 1 14
0 1 0 1 1 0 11
0 1 0 1 1 1 12
0 1 1 0 0 0 0
0 1 1 0 0 1 8
0 1 1 0 1 0 10
0 1 1 0 1 1 2
0 1 1 1 0 0 13
0 1 1 1 0 1 16
0 1 1 1 1 0 0
0 1 1 1 1 1 8
1 0 0 0 0 0 13
1 0 0 0 0 1 5
1 0 0 0 1 0 3
1 0 0 0 1 1 12
1 0 0 1 0 0 8
1 0 0 1 0 1 1
1 0 0 1 1 0 10
1 0 0 1 1 1 8
1 0 1 0 0 0 9
1 0 1 0 0 1 11
1 0 1 0 1 0 6
1 0 1 0 1 1 1
1 0 1 1 0 0 13
1 0 1 1 0 1 13
1 0 1 1 1 0 19
1 0 1 1 1 1 8
1 1 0 0 0 0 13
1 1 0 0 0 1 0
1 1 0 0 1 0 10
1 1 0 0 1 1 4
1 1 0 1 0 0 6
1 1 0 1 0 1 3
1 1 0 1 1 0 19
1 1 0 1 1 1 9
1 1 1 0 0 0 13
1 1 1 0 0 1 4
1 1 1 0 1 0 17
1 1 1 0 1 1 14
1 1 1 1 0 0 14
1 1 1 1 0 1 3
1 1 1 1 1 0 12
1 1 1 1 1 1 20
4 16 11 19 5 0 16
0 0 0 0 5
0 0 0 1 9
0 0 1 0 11
0 0 1 1 10
0 1 0 0 1
0 1 0 1 0
0 1 1 0 13
0 1 1 1 2
1 0 0 0 9
1 0 0 1 10
1 0 1 0 1
1 0 1 1 16
1 1 0 0 4
1 1 0 1 18
1 1 1 0 14
1 1 1 1 5
1 16 0 2
0 16
1 15
3 12 20 4 0 8
0 0 0 0
0 0 1 17
0 1 0 7
0 1 1 13
1 0 0 13
1 0 1 12
1 1 0 6
1 1 1 6
4 10 4 20 13 0 16
0 0 0 0 11
0 0 0 1 11
0 0 1 0 3
0 0 1 1 7
0 1 0 0 10
0 1 0 1 16
0 1 1 0 11
0 1 1 1 8
1 0 0 0 11
1 0 0 1 5
1 0 1 0 17
1 0 1 1 1
1 1 0 0 5
1 1 0 1 9
1 1 1 0 8
1 1 1 1 5
6 0 1 11 13 15 17 0 64
0 0 0 0 0 0 20
0 0 0 0 0 1 15
0 0 0 0 1 0 13
0 0 0 0 1 1 16
0 0 0 1 0 0 5
0 0 0 1 0 1 10
0 0 0 1 1 0 4
0 0 0 1 1 1 3
0 0 1 0 0 0 20
0 0 1 0 0 1 3
0 0 1 0 1 0 3
0 0 1 0 1 1 5
0 0 1 1 0 0 3
0 0 1 1 0 1 7
0 0 1 1 1 0 8
0 0 1 1 1 1 17
0 1 0 0 0 0 8
0 1 0 0 0 1 9
0 1 0 0 1 0 8
0 1 0 0 1 1 5
0 1 0 1 0 0 19
0 1 0 1 0 1 3
0 1 0 1 1 0 12
0 1 0 1 1 1 6
0 1 1 0 0 0 6
0 1 1 0 0 1 7
0 1 1 0 1 0 16
0 1 1 0 1 1 3
0 1 1 1 0 0 5
0 1 1 1 0 1 4
0 1 1 1 1 0 9
0 1 1 1 1 1 0
1 0 0 0 0 0 5
1 0 0 0 0 1 11
1 0 0 0 1 0 10
1 0 0 0 1 1 9
1 0 0 1 0 0 14
1 0 0 1 0 1 4
1 0 0 1 1 0 8
1 0 0 1 1 1 1
1 0 1 0 0 0 17
1 0 1 0 0 1 15
1 0 1 0 1 0 19
1 0 1 0 1 1 12
1 0 1 1 0 0 18
1 0 1 1 0 1 9
1 0 1 1 1 0 7
1 0 1 1 1 1 17
1 1 0 0 0 0 2
1 1 0 0 0 1 11
1 1 0 0 1 0 17
1 1 0 0 1 1 3
1 1 0 1 0 0 11
1 1 0 1 0 1 13
1 1 0 1 1 0 14
1 1 0 1 1 1 19
1 1 1 0 0 0 8
1 1 1 0 0 1 6
1 1 1 0 1 0 12
1 1 1 0 1 1 17
1 1 1 1 0 0 8
1 1 1 1 0 1 9
1 1 1 1 1 0 2
1 1 1 1 1 1 5
1 9 0 2
0 9
1 15
4 1 2 12 14 0 16
0 0 0 0 18
0 0 0 1 17
0 0 1 0 3
0 0 1 1 16
0 1 0 0 8
0 1 0 1 11
0 1 1 0 19
0 1 1 1 3
1 0 0 0 1
1 0 0 1 19
1 0 1 0 15
1 0 1 1 16
1 1 0 0 14
1 1 0 1 1
1 1 1 0 18
1 1 1 1 19
3 0 9 14 0 8
0 0 0 14
0 0 1 2
0 1 0 13
0 1 1 15
1 0 0 19
1 0 1 13
1 1 0 10
1 1 1 5
5 7 12 14 17 20 0 32
0 0 0 0 0 6
0 0 0 0 1 5
0 0 0 1 0 0
0 0 0 1 1 9
0 0 1 0 0 19
0 0 1 0 1 12
0 0 1 1 0 12
0 0 1 1 1 0
0 1 0 0 0 13
0 1 0 0 1 14
0 1 0 1 0 2
0 1 0 1 1 4
0 1 1 0 0 13
0 1 1 0 1 2
0 1 1 1 0 15
0 1 1 1 1 3
1 0 0 0 0 8
1 0 0 0 1 19
1 0 0 1 0 19
1 0 0 1 1 12
1 0 1 0 0 16
1 0 1 0 1 20
1 0 1 1 0 11
1 0 1 1 1 6
1 1 0 0 0 11
1 1 0 0 1 7
1 1 0 1 0 20
1 1 0 1 1 0
1 1 1 0 0 17
1 1 1 0 1 14
1 1 1 1 0 18
1 1 1 1 1 5
4 1 3 14 7 0 16
0 0 0 0 11
0 0 0 1 5
0 0 1 0 12
0 0 1 1 2
0 1 0 0 14
0 1 0 1 18
0 1 1 0 18
0 1 1 1 6
1 0 0 0 2
1 0 0 1 16
1 0 1 0 1
1 0 1 1 7
1 1 0 0 19
1 1 0 1 7
1 1 1 0 15
1 1 1 1 11
5 8 10 13 15 16 0 32
0 0 0 0 0 1
0 0 0 0 1 15
0 0 0 1 0 14
0 0 0 1 1 12
0 0 1 0 0 0
0 0 1 0 1 11
0 0 1 1 0 2
0 0 1 1 1 14
0 1 0 0 0 13
0 1 0 0 1 20
0 1 0 1 0 20
0 1 0 1 1 13
0 1 1 0 0 11
0 1 1 0 1 19
0 1 1 1 0 3
0 1 1 1 1 12
1 0 0 0 0 3
1 0 0 0 1 0
1 0 0 1 0 0
1 0 0 1 1 6
1 0 1 0 0 1
1 0 1 0 1 16
1 0 1 1 0 17
1 0 1 1 1 6
1 1 0 0 0 7
1 1 0 0 1 13
1 1 0 1 0 3
1 1 0 1 1 18
1 1 1 0 0 18
1 1 1 0 1 14
1 1 1 1 0 3
1 1 1 1 1 17
4 0 1 20 17 0 16
0 0 0 0 4
0 0 0 1 12
0 0 1 0 16
0 0 1 1 15
0 1 0 0 16
0 1 0 1 12
0 1 1 0 14
0 1 1 1 4
1 0 0 0 14
1 0 0 1 19
1 0 1 0 16
1 0 1 1 8
1 1 0 0 1
1 1 0 1 11
1 1 1 0 6
1 1 1 1 10
3 11 0 19 0 8
0 0 0 16
0 0 1 19
0 1 0 15
0 1 1 15
1 0 0 9
1 0 1 1
1 1 0 0
1 1 1 12
1 13 0 2
0 9
1 20
3 17 11 5 0 8
0 0 0 16
0 0 1 2
0 1 0 9
0 1 1 12
1 0 0 3
1 0 1 8
1 1 0 10
1 1 1 13
1 20 0 2
0 3
1 8
6 11 13 16 17 19 20 0 64
0 0 0 0 0 0 13
0 0 0 0 0 1 5
0 0 0 0 1 0 15
0 0 0 0 1 1 7
0 0 0 1 0 0 10
0 0 0 1 0 1 3
0 0 0 1 1 0 3
0 0 0 1 1 1 15
0 0 1 0 0 0 3
0 0 1 0 0 1 2
0 0 1 0 1 0 7
0 0 1 0 1 1 20
0 0 1 1 0 0 16
0 0 1 1 0 1 11
0 0 1 1 1 0 17
0 0 1 1 1 1 17
0 1 0 0 0 0 20
0 1 0 0 0 1 14
0 1 0 0 1 0 17
0 1 0 0 1 1 20
0 1 0 1 0 0 12
0 1 0 1 0 1 4
0 1 0 1 1 0 11
0 1 0 1 1 1 9
0 1 1 0 0 0 9
0 1 1 0 0 1 9
0 1 1 0 1 0 5
0 1 1 0 1 1 4
0 1 1 1 0 0 11
0 1 1 1 0 1 10
0 1 1 1 1 0 3
0 1 1 1 1 1 18
1 0 0 0 0 0 20
1 0 0 0 0 1 3
1 0 0 0 1 0 4
1 0 0 0 1 1 17
1 0 0 1 0 0 6
1 0 0 1 0 1 4
1 0 0 1 1 0 15
1 0 0 1 1 1 12
1 0 1 0 0 0 7
1 0 1 0 0 1 9
1 0 1 0 1 0 1
1 0 1 0 1 1 7
1 0 1 1 0 0 6
1 0 1 1 0 1 5
1 0 1 1 1 0 12
1 0 1 1 1 1 13
1 1 0 0 0 0 2
1 1 0 0 0 1 16
1 1 0 0 1 0 10
1 1 0 0 1 1 5
1 1 0 1 0 0 20
1 1 0 1 0 1 9
1 1 0 1 1 0 8
1 1 0 1 1 1 2
1 1 1 0 0 0 4
1 1 1 0 0 1 18
1 1 1 0 1 0 1
1 1 1 0 1 1 19
1 1 1 1 0 0 5
1 1 1 1 0 1 9
1 1 1 1 1 0 11
1 1 1 1 1 1 10
3 0 17 2 0 8
0 0 0 15
0 0 1 4
0 1 0 4
0 1 1 1
1 0 0 0
1 0 1 5
1 1 0 16
1 1 1 2
6 7 8 11 12 13 14 0 64
0 0 0 0 0 0 1
0 0 0 0 0 1 6
0 0 0 0 1 0 20
0 0 0 0 1 1 11
0 0 0 1 0 0 16
0 0 0 1 0 1 6
0 0 0 1 1 0 17
0 0 0 1 1 1 7
0 0 1 0 0 0 20
0 0 1 0 0 1 10
0 0 1 0 1 0 6
0 0 1 0 1 1 11
0 0 1 1 0 0 1
0 0 1 1 0 1 13
0 0 1 1 1 0 15
0 0 1 1 1 1 3
0 1 0 0 0 0 2
0 1 0 0 0 1 5
0 1 0 0 1 0 17
0 1 0 0 1 1 16
0 1 0 1 0 0 1
0 1 0 1 0 1 13
0 1 0 1 1 0 12
0 1 0 1 1 1 20
0 1 1 0 0 0 1
0 1 1 0 0 1 1
0 1 1 0 1 0 13
0 1 1 0 1 1 4
0 1 1 1 0 0 19
0 1 1 1 0 1 9
0 1 1 1 1 0 2
0 1 1 1 1 1 6
1 0 0 0 0 0 11
1 0 0 0 0 1 5
1 0 0 0 1 0 17
1 0 0 0 1 1 18
1 0 0 1 0 0 7
1 0 0 1 0 1 16
1 0 0 1 1 0 14
1 0 0 1 1 1 18
1 0 1 0 0 0 5
1 0 1 0 0 1 5
1 0 1 0 1 0 9
1 0 1 0 1 1 11
1 0 1 1 0 0 15
1 0 1 1 0 1 17
1 0 1 1 1 0 5
1 0 1 1 1 1 4
1 1 0 0 0 0 16
1 1 0 0 0 1 14
1 1 0 0 1 0 14
1 1 0 0 1 1 15
1 1 0 1 0 0 19
1 1 0 1 0 1 12
1 1 0 1 1 0 2
1 1 0 1 1 1 17
1 1 1 0 0 0 13
1 1 1 0 0 1 4
1 1 1 0 1 0 13
1 1 1 0 1 1 18
1 1 1 1 0 0 7
1 1 1 1 0 1 10
1 1 1 1 1 0 17
1 1 1 1 1 1 14
6 1 2 8 9 18 20 0 64
0 0 0 0 0 0 4
0 0 0 0 0 1 5
0 0 0 0 1 0 4
0 0 0 0 1 1 3
0 0 0 1 0 0 18
0 0 0 1 0 1 13
0 0 0 1 1 0 7
0 0 0 1 1 1 14
0 0 1 0 0 0 0
0 0 1 0 0 1 12
0 0 1 0 1 0 16
0 0 1 0 1 1 10
0 0 1 1 0 0 9
0 0 1 1 0 1 7
0 0 1 1 1 0 4
0 0 1 1 1 1 1
0 1 0 0 0 0 7
0 1 0 0 0 1 19
0 1 0 0 1 0 4
0 1 0 0 1 1 12
0 1 0 1 0 0 14
0 1 0 1 0 1 9
0 1 0 1 1 0 8
0 1 0 1 1 1 7
0 1 1 0 0 0 12
0 1 1 0 0 1 9
0 1 1 0 1 0 19
0 1 1 0 1 1 4
0 1 1 1 0 0 16
0 1 1 1 0 1 12
0 1 1 1 1 0 6
0 1 1 1 1 1 18
1 0 0 0 0 0 20
1 0 0 0 0 1 3
1 0 0 0 1 0 3
1 0 0 0 1 1 3
1 0 0 1 0 0 20
1 0 0 1 0 1 1
1 0 0 1 1 0 20
1 0 0 1 1 1 8
1 0 1 0 0 0 10
1 0 1 0 0 1 11
1 0 1 0 1 0 18
1 0 1 0 1 1 4
1 0 1 1 0 0 12
1 0 1 1 0 1 12
1 0 1 1 1 0 19
1 0 1 1 1 1 14
1 1 0 0 0 0 17
1 1 0 0 0 1 2
1 1 0 0 1 0 18
1 1 0 0 1 1 5
1 1 0 1 0 0 20
1 1 0 1 0 1 1
1 1 0 1 1 0 4
1 1 0 1 1 1 2
1 1 1 0 0 0 17
1 1 1 0 0 1 11
1 1 1 0 1 0 3
1 1 1 0 1 1 17
1 1 1 1 0 0 18
1 1 1 1 0 1 11
1 1 1 1 1 0 10
1 1 1 1 1 1 14
5 7 9 11 12 13 0 32
0 0 0 0 0 7
0 0 0 0 1 19
0 0 0 1 0 7
0 0 0 1 1 3
0 0 1 0 0 17
0 0 1 0 1 18
0 0 1 1 0 7
0 0 1 1 1 6
0 1 0 0 0 12
0 1 0 0 1 1
0 1 0 1 0 8
0 1 0 1 1 11
0 1 1 0 0 10
0 1 1 0 1 2
0 1 1 1 0 19
0 1 1 1 1 18
1 0 0 0 0 2
1 0 0 0 1 16
1 0 0 1 0 7
1 0 0 1 1 6
1 0 1 0 0 1
1 0 1 0 1 1
1 0 1 1 0 9
1 0 1 1 1 5
1 1 0 0 0 20
1 1 0 0 1 15
1 1 0 1 0 12
1 1 0 1 1 14
1 1 1 0 0 16
1 1 1 0 1 6
1 1 1 1 0 10
1 1 1 1 1 2
4 16 9 4 7 0 16
0 0 0 0 4
0 0 0 1 4
0 0 1 0 11
0 0 1 1 3
0 1 0 0 19
0 1 0 1 20
0 1 1 0 2
0 1 1 1 4
1 0 0 0 16
1 0 0 1 12
1 0 1 0 8
1 0 1 1 7
1 1 0 0 15
1 1 0 1 17
1 1 1 0 10
1 1 1 1 10
5 1 2 7 9 17 0 32
0 0 0 0 0 3
0 0 0 0 1 9
0 0 0 1 0 15
0 0 0 1 1 1
0 0 1 0 0 10
0 0 1 0 1 15
0 0 1 1 0 5
0 0 1 1 1 10
0 1 0 0 0 16
0 1 0 0 1 20
0 1 0 1 0 8
0 1 0 1 1 18
0 1 1 0 0 20
0 1 1 0 1 0
0 1 1 1 0 0
0 1 1 1 1 1
1 0 0 0 0 20
1 0 0 0 1 6
1 0 0 1 0 12
1 0 0 1 1 2
1 0 1 0 0 7
1 0 1 0 1 6
1 0 1 1 0 13
1 0 1 1 1 12
1 1 0 0 0 9
1 1 0 0 1 14
1 1 0 1 0 13
1 1 0 1 1 13
1 1 1 0 0 14
1 1 1 0 1 19
1 1 1 1 0 13
1 1 1 1 1 4
6 0 3 5 10 17 18 0 64
0 0 0 0 0 0 20
0 0 0 0 0 1 2
0 0 0 0 1 0 16
0 0 0 0 1 1 17
0 0 0 1 0 0 9
0 0 0 1 0 1 4
0 0 0 1 1 0 1
0 0 0 1 1 1 18
0 0 1 0 0 0 16
0 0 1 0 0 1 10
0 0 1 0 1 0 10
0 0 1 0 1 1 17
0 0 1 1 0 0 18
0 0 1 1 0 1 15
0 0 1 1 1 0 16
0 0 1 1 1 1 20
0 1 0 0 0 0 3
0 1 0 0 0 1 12
0 1 0 0 1 0 16
0 1 0 0 1 1 7
0 1 0 1 0 0 20
0 1 0 1 0 1 9
0 1 0 1 1 0 11
0 1 0 1 1 1 16
0 1 1 0 0 0 16
0 1 1 0 0 1 13
0 1 1 0 1 0 19
0 1 1 0 1 1 3
0 1 1 1 0 0 16
0 1 1 1 0 1 2
0 1 1 1 1 0 15
0 1 1 1 1 1 1
1 0 0 0 0 0 14
1 0 0 0 0 1 18
1 0 0 0 1 0 17
1 0 0 0 1 1 3
1 0 0 1 0 0 4
1 0 0 1 0 1 19
1 0 0 1 1 0 8
1 0 0 1 1 1 3
1 0 1 0 0 0 13
1 0 1 0 0 1 5
1 0 1 0 1 0 3
1 0 1 0 1 1 2
1 0 1 1 0 0 19
1 0 1 1 0 1 19
1 0 1 1 1 0 20
1 0 1 1 1 1 4
1 1 0 0 0 0 1
1 1 0 0 0 1 8
1 1 0 0 1 0 10
1 1 0 0 1 1 18
1 1 0 1 0 0 8
1 1 0 1 0 1 0
1 1 0 1 1 0 6
1 1 0 1 1 1 8
1 1 1 0 0 0 14
1 1 1 0 0 1 14
1 1 1 0 1 0 17
1 1 1 0 1 1 1
1 1 1 1 0 0 6
1 1 1 1 0 1 5
1 1 1 1 1 0 0
1 1 1 1 1 1 18
4 16 1 2 20 0 16
0 0 0 0 15
0 0 0 1 17
0 0 1 0 11
0 0 1 1 15
0 1 0 0 5
0 1 0 1 2
0 1 1 0 11
0 1 1 1 6
1 0 0 0 19
1 0 0 1 4
1 0 1 0 11
1 0 1 1 13
1 1 0 0 7
1 1 0 1 6
1 1 1 0 5
1 1 1 1 3
3 2 3 14 0 8
0 0 0 6
0 0 1 6
0 1 0 14
0 1 1 18
1 0 0 17
1 0 1 10
1 1 0 6
1 1 1 2
3 0 18 3 0 8
0 0 0 10
0 0 1 6
0 1 0 3
0 1 1 14
1 0 0 15
1 0 1 7
1 1 0 17
1 1 1 10
4 17 4 13 9 0 16
0 0 0 0 14
0 0 0 1 14
0 0 1 0 8
0 0 1 1 8
0 1 0 0 8
0 1 0 1 11
0 1 1 0 20
0 1 1 1 1
1 0 0 0 8
1 0 0 1 6
1 0 1 0 9
1 0 1 1 8
1 1 0 0 1
1 1 0 1 5
1 1 1 0 1
1 1 1 1 17
2 5 6 0 4
0 0 9
0 1 14
1 0 5
1 1 18
6 1 2 9 10 11 20 0 64
0 0 0 0 0 0 3
0 0 0 0 0 1 2
0 0 0 0 1 0 15
0 0 0 0 1 1 7
0 0 0 1 0 0 3
0 0 0 1 0 1 4
0 0 0 1 1 0 6
0 0 0 1 1 1 11
0 0 1 0 0 0 1
0 0 1 0 0 1 7
0 0 1 0 1 0 0
0 0 1 0 1 1 18
0 0 1 1 0 0 18
0 0 1 1 0 1 18
0 0 1 1 1 0 15
0 0 1 1 1 1 0
0 1 0 0 0 0 0
0 1 0 0 0 1 3
0 1 0 0 1 0 3
0 1 0 0 1 1 8
0 1 0 1 0 0 1
0 1 0 1 0 1 10
0 1 0 1 1 0 11
0 1 0 1 1 1 0
0 1 1 0 0 0 7
0 1 1 0 0 1 4
0 1 1 0 1 0 13
0 1 1 0 1 1 1
0 1 1 1 0 0 6
0 1 1 1 0 1 16
0 1 1 1 1 0 20
0 1 1 1 1 1 19
1 0 0 0 0 0 11
1 0 0 0 0 1 3
1 0 0 0 1 0 0
1 0 0 0 1 1 4
1 0 0 1 0 0 13
1 0 0 1 0 1 19
1 0 0 1 1 0 12
1 0 0 1 1 1 14
1 0 1 0 0 0 20
1 0 1 0 0 1 2
1 0 1 0 1 0 4
1 0 1 0 1 1 2
1 0 1 1 0 0 6
1 0 1 1 0 1 12
1 0 1 1 1 0 5
1 0 1 1 1 1 6
1 1 0 0 0 0 14
1 1 0 0 0 1 20
1 1 0 0 1 0 19
1 1 0 0 1 1 19
1 1 0 1 0 0 0
1 1 0 1 0 1 19
1 1 0 1 1 0 0
1 1 0 1 1 1 9
1 1 1 0 0 0 9
1 1 1 0 0 1 12
1 1 1 0 1 0 16
1 1 1 0 1 1 12
1 1 1 1 0 0 13
1 1 1 1 0 1 5
1 1 1 1 1 0 0
1 1 1 1 1 1 13
1 8 0 2
0 20
1 5
5 0 1 3 4 12 0 32
0 0 0 0 0 20
0 0 0 0 1 11
0 0 0 1 0 12
0 0 0 1 1 9
0 0 1 0 0 14
0 0 1 0 1 6
0 0 1 1 0 3
0 0 1 1 1 17
0 1 0 0 0 15
0 1 0 0 1 19
0 1 0 1 0 16
0 1 0 1 1 7
0 1 1 0 0 10
0 1 1 0 1 20
0 1 1 1 0 18
0 1 1 1 1 1
1 0 0 0 0 8
1 0 0 0 1 18
1 0 0 1 0 14
1 0 0 1 1 12
1 0 1 0 0 12
1 0 1 0 1 8
1 0 1 1 0 8
1 0 1 1 1 4
1 1 0 0 0 3
1 1 0 0 1 6
1 1 0 1 0 18
1 1 0 1 1 14
1 1 1 0 0 14
1 1 1 0 1 6
1 1 1 1 0 6
1 1 1 1 1 1
6 3 10 11 12 13 16 0 64
0 0 0 0 0 0 12
0 0 0 0 0 1 4
0 0 0 0 1 0 8
0 0 0 0 1 1 2
0 0 0 1 0 0 5
0 0 0 1 0 1 11
0 0 0 1 1 0 16
0 0 0 1 1 1 10
0 0 1 0 0 0 19
0 0 1 0 0 1 2
0 0 1 0 1 0 13
0 0 1 0 1 1 5
0 0 1 1 0 0 18
0 0 1 1 0 1 7
0 0 1 1 1 0 9
0 0 1 1 1 1 7
0 1 0 0 0 0 20
0 1 0 0 0 1 15
0 1 0 0 1 0 9
0 1 0 0 1 1 19
0 1 0 1 0 0 7
0 1 0 1 0 1 6
0 1 0 1 1 0 14
0 1 0 1 1 1 0
0 1 1 0 0 0 15
0 1 1 0 0 1 1
0 1 1 0 1 0 20
0 1 1 0 1 1 12
0 1 1 1 0 0 5
0 1 1 1 0 1 12
0 1 1 1 1 0 3
0 1 1 1 1 1 4
1 0 0 0 0 0 4
1 0 0 0 0 1 16
1 0 0 0 1 0 7
1 0 0 0 1 1 11
1 0 0 1 0 0 4
1 0 0 1 0 1 13
1 0 0 1 1 0 8
1 0 0 1 1 1 7
1 0 1 0 0 0 14
1 0 1 0 0 1 19
1 0 1 0 1 0 4
1 0 1 0 1 1 19
1 0 1 1 0 0 17
1 0 1 1 0 1 20
1 0 1 1 1 0 1
1 0 1 1 1 1 19
1 1 0 0 0 0 18
1 1 0 0 0 1 16
1 1 0 0 1 0 3
1 1 0 0 1 1 5
1 1 0 1 0 0 13
1 1 0 1 0 1 20
1 1 0 1 1 0 3
1 1 0 1 1 1 6
1 1 1 0 0 0 6
1 1 1 0 0 1 0
1 1 1 0 1 0 6
1 1 1 0 1 1 8
1 1 1 1 0 0 7
1 1 1 1 0 1 19
1 1 1 1 1 0 13
1 1 1 1 1 1 10
2 0 1 0 4
0 0 19
0 1 0
1 0 20
1 1 9
2 16 14 0 4
0 0 1
0 1 18
1 0 13
1 1 3
2 1 6 0 4
0 0 10
0 1 7
1 0 9
1 1 0
3 16 17 12 0 8
0 0 0 0
0 0 1 20
0 1 0 12
0 1 1 16
1 0 0 12
1 0 1 9
1 1 0 4
1 1 1 13
1 3 0 2
0 0
1 3
6 0 3 8 10 15 17 0 64
0 0 0 0 0 0 5
0 0 0 0 0 1 17
0 0 0 0 1 0 6
0 0 0 0 1 1 11
0 0 0 1 0 0 9
0 0 0 1 0 1 20
0 0 0 1 1 0 10
0 0 0 1 1 1 20
0 0 1 0 0 0 0
0 0 1 0 0 1 19
0 0 1 0 1 0 12
0 0 1 0 1 1 11
0 0 1 1 0 0 8
0 0 1 1 0 1 18
0 0 1 1 1 0 9
0 0 1 1 1 1 9
0 1 0 0 0 0 6
0 1 0 0 0 1 1
0 1 0 0 1 0 10
0 1 0 0 1 1 6
0 1 0 1 0 0 10
0 1 0 1 0 1 10
0 1 0 1 1 0 6
0 1 0 1 1 1 7
0 1 1 0 0 0 15
0 1 1 0 0 1 17
0 1 1 0 1 0 11
0 1 1 0 1 1 11
0 1 1 1 0 0 4
0 1 1 1 0 1 11
0 1 1 1 1 0 4
0 1 1 1 1 1 19
1 0 0 0 0 0 17
1 0 0 0 0 1 3
1 0 0 0 1 0 3
1 0 0 0 1 1 17
1 0 0 1 0 0 20
1 0 0 1 0 1 18
1 0 0 1 1 0 0
1 0 0 1 1 1 5
1 0 1 0 0 0 19
1 0 1 0 0 1 18
1 0 1 0 1 0 11
1 0 1 0 1 1 2
1 0 1 1 0 0 0
1 0 1 1 0 1 6
1 0 1 1 1 0 14
1 0 1 1 1 1 17
1 1 0 0 0 0 10
1 1 0 0 0 1 15
1 1 0 0 1 0 19
1 1 0 0 1 1 0
1 1 0 1 0 0 9
1 1 0 1 0 1 19
1 1 0 1 1 0 4
1 1 0 1 1 1 0
1 1 1 0 0 0 6
1 1 1 0 0 1 4
1 1 1 0 1 0 13
1 1 1 0 1 1 5
1 1 1 1 0 0 10
1 1 1 1 0 1 16
1 1 1 1 1 0 2
1 1 1 1 1 1 9
5 1 6 9 13 16 0 32
0 0 0 0 0 18
0 0 0 0 1 14
0 0 0 1 0 4
0 0 0 1 1 6
0 0 1 0 0 4
0 0 1 0 1 4
0 0 1 1 0 15
0 0 1 1 1 8
0 1 0 0 0 12
0 1 0 0 1 7
0 1 0 1 0 7
0 1 0 1 1 13
0 1 1 0 0 15
0 1 1 0 1 17
0 1 1 1 0 10
0 1 1 1 1 0
1 0 0 0 0 9
1 0 0 0 1 4
1 0 0 1 0 11
1 0 0 1 1 16
1 0 1 0 0 2
1 0 1 0 1 5
1 0 1 1 0 3
1 0 1 1 1 15
1 1 0 0 0 16
1 1 0 0 1 10
1 1 0 1 0 10
1 1 0 1 1 9
1 1 1 0 0 1
1 1 1 0 1 3
1 1 1 1 0 1
1 1 1 1 1 9
4 8 12 13 15 0 16
0 0 0 0 1
0 0 0 1 1
0 0 1 0 16
0 0 1 1 13
0 1 0 0 9
0 1 0 1 2
0 1 1 0 8
0 1 1 1 14
1 0 0 0 10
1 0 0 1 18
1 0 1 0 18
1 0 1 1 11
1 1 0 0 6
1 1 0 1 10
1 1 1 0 16
1 1 1 1 19
6 0 7 9 11 16 17 0 64
0 0 0 0 0 0 17
0 0 0 0 0 1 15
0 0 0 0 1 0 13
0 0 0 0 1 1 19
0 0 0 1 0 0 15
0 0 0 1 0 1 14
0 0 0 1 1 0 9
0 0 0 1 1 1 4
0 0 1 0 0 0 2
0 0 1 0 0 1 16
0 0 1 0 1 0 3
0 0 1 0 1 1 4
0 0 1 1 0 0 17
0 0 1 1 0 1 5
0 0 1 1 1 0 10
0 0 1 1 1 1 2
0 1 0 0 0 0 18
0 1 0 0 0 1 14
0 1 0 0 1 0 14
0 1 0 0 1 1 14
0 1 0 1 0 0 7
0 1 0 1 0 1 12
0 1 0 1 1 0 15
0 1 0 1 1 1 20
0 1 1 0 0 0 0
0 1 1 0 0 1 6
0 1 1 0 1 0 10
0 1 1 0 1 1 13
0 1 1 1 0 0 12
0 1 1 1 0 1 8
0 1 1 1 1 0 10
0 1 1 1 1 1 12
1 0 0 0 0 0 16
1 0 0 0 0 1 8
1 0 0 0 1 0 12
1 0 0 0 1 1 0
1 0 0 1 0 0 4
1 0 0 1 0 1 19
1 0 0 1 1 0 7
1 0 0 1 1 1 1
1 0 1 0 0 0 2
1 0 1 0 0 1 20
1 0 1 0 1 0 1
1 0 1 0 1 1 16
1 0 1 1 0 0 5
1 0 1 1 0 1 8
1 0 1 1 1 0 1
1 0 1 1 1 1 9
1 1 0 0 0 0 18
1 1 0 0 0 1 18
1 1 0 0 1 0 1
1 1 0 0 1 1 8
1 1 0 1 0 0 3
1 1 0 1 0 1 0
1 1 0 1 1 0 0
1 1 0 1 1 1 3
1 1 1 0 0 0 4
1 1 1 0 0 1 5
1 1 1 0 1 0 19
1 1 1 0 1 1 18
1 1 1 1 0 0 13
1 1 1 1 0 1 8
1 1 1 1 1 0 9
1 1 1 1 1 1 20
4 8 17 10 5 0 16
0 0 0 0 20
0 0 0 1 5
0 0 1 0 2
0 0 1 1 14
0 1 0 0 10
0 1 0 1 6
0 1 1 0 17
0 1 1 1 18
1 0 0 0 13
1 0 0 1 4
1 0 1 0 11
1 0 1 1 5
1 1 0 0 6
1 1 0 1 20
1 1 1 0 9
1 1 1 1 20
4 0 3 20 13 0 16
0 0 0 0 3
0 0 0 1 16
0 0 1 0 20
0 0 1 1 13
0 1 0 0 6
0 1 0 1 12
0 1 1 0 1
0 1 1 1 7
1 0 0 0 11
1 0 0 1 2
1 0 1 0 10
1 0 1 1 14
1 1 0 0 5
1 1 0 1 19
1 1 1 0 19
1 1 1 1 8
6 0 3 5 14 15 18 0 64
0 0 0 0 0 0 1
0 0 0 0 0 1 3
0 0 0 0 1 0 6
0 0 0 0 1 1 0
0 0 0 1 0 0 8
0 0 0 1 0 1 15
0 0 0 1 1 0 12
0 0 0 1 1 1 14
0 0 1 0 0 0 9
0 0 1 0 0 1 11
0 0 1 0 1 0 7
0 0 1 0 1 1 7
0 0 1 1 0 0 2
0 0 1 1 0 1 4
0 0 1 1 1 0 17
0 0 1 1 1 1 12
0 1 0 0 0 0 3
0 1 0 0 0 1 8
0 1 0 0 1 0 10
0 1 0 0 1 1 2
0 1 0 1 0 0 17
0 1 0 1 0 1 5
0 1 0 1 1 0 5
0 1 0 1 1 1 5
0 1 1 0 0 0 1
0 1 1 0 0 1 14
0 1 1 0 1 0 6
0 1 1 0 1 1 7
0 1 1 1 0 0 11
0 1 1 1 0 1 16
0 1 1 1 1 0 15
0 1 1 1 1 1 18
1 0 0 0 0 0 20
1 0 0 0 0 1 12
1 0 0 0 1 0 19
1 0 0 0 1 1 14
1 0 0 1 0 0 20
1 0 0 1 0 1 9
1 0 0 1 1 0 5
1 0 0 1 1 1 10
1 0 1 0 0 0 0
1 0 1 0 0 1 13
1 0 1 0 1 0 6
1 0 1 0 1 1 19
1 0 1 1 0 0 18
1 0 1 1 0 1 20
1 0 1 1 1 0 5
1 0 1 1 1 1 10
1 1 0 0 0 0 11
1 1 0 0 0 1 11
1 1 0 0 1 0 15
1 1 0 0 1 1 20
1 1 0 1 0 0 14
1 1 0 1 0 1 17
1 1 0 1 1 0 0
1 1 0 1 1 1 5
1 1 1 0 0 0 9
1 1 1 0 0 1 8
1 1 1 0 1 0 20
1 1 1 0 1 1 4
1 1 1 1 0 0 14
1 1 1 1 0 1 10
1 1 1 1 1 0 18
1 1 1 1 1 1 9
