unknown 14 2 83 99999
1 1 1 2 1 2 2 2 1 1 1 1 1 1
2 2 2 2 2 2 2 2 2 2 2 2 2 2 
1 8 0 2
0 7
1 17
6 2 3 4 7 8 13 0 64
0 0 0 0 0 0 2
0 0 0 0 0 1 6
0 0 0 0 1 0 6
0 0 0 0 1 1 2
0 0 0 1 0 0 19
0 0 0 1 0 1 1
0 0 0 1 1 0 1
0 0 0 1 1 1 17
0 0 1 0 0 0 6
0 0 1 0 0 1 4
0 0 1 0 1 0 16
0 0 1 0 1 1 12
0 0 1 1 0 0 15
0 0 1 1 0 1 18
0 0 1 1 1 0 9
0 0 1 1 1 1 4
0 1 0 0 0 0 8
0 1 0 0 0 1 18
0 1 0 0 1 0 12
0 1 0 0 1 1 1
0 1 0 1 0 0 10
0 1 0 1 0 1 20
0 1 0 1 1 0 13
0 1 0 1 1 1 10
0 1 1 0 0 0 0
0 1 1 0 0 1 7
0 1 1 0 1 0 9
0 1 1 0 1 1 15
0 1 1 1 0 0 11
0 1 1 1 0 1 11
0 1 1 1 1 0 9
0 1 1 1 1 1 1
1 0 0 0 0 0 14
1 0 0 0 0 1 4
1 0 0 0 1 0 12
1 0 0 0 1 1 13
1 0 0 1 0 0 7
1 0 0 1 0 1 8
1 0 0 1 1 0 7
1 0 0 1 1 1 4
1 0 1 0 0 0 11
1 0 1 0 0 1 5
1 0 1 0 1 0 0
1 0 1 0 1 1 5
1 0 1 1 0 0 1
1 0 1 1 0 1 18
1 0 1 1 1 0 12
1 0 1 1 1 1 6
1 1 0 0 0 0 10
1 1 0 0 0 1 9
1 1 0 0 1 0 16
1 1 0 0 1 1 17
1 1 0 1 0 0 7
1 1 0 1 0 1 13
1 1 0 1 1 0 0
1 1 0 1 1 1 20
1 1 1 0 0 0 1
1 1 1 0 0 1 19
1 1 1 0 1 0 19
1 1 1 0 1 1 2
1 1 1 1 0 0 15
1 1 1 1 0 1 3
1 1 1 1 1 0 16
1 1 1 1 1 1 4
5 2 4 7 9 13 0 32
0 0 0 0 0 0
0 0 0 0 1 13
0 0 0 1 0 8
0 0 0 1 1 0
0 0 1 0 0 15
0 0 1 0 1 1
0 0 1 1 0 13
0 0 1 1 1 10
0 1 0 0 0 10
0 1 0 0 1 19
0 1 0 1 0 14
0 1 0 1 1 8
0 1 1 0 0 16
0 1 1 0 1 7
0 1 1 1 0 2
0 1 1 1 1 0
1 0 0 0 0 20
1 0 0 0 1 10
1 0 0 1 0 5
1 0 0 1 1 4
1 0 1 0 0 8
1 0 1 0 1 11
1 0 1 1 0 12
1 0 1 1 1 10
1 1 0 0 0 6
1 1 0 0 1 6
1 1 0 1 0 5
1 1 0 1 1 19
1 1 1 0 0 20
1 1 1 0 1 16
1 1 1 1 0 5
1 1 1 1 1 9
5 1 3 4 7 12 0 32
0 0 0 0 0 17
0 0 0 0 1 9
0 0 0 1 0 4
0 0 0 1 1 7
0 0 1 0 0 6
0 0 1 0 1 11
0 0 1 1 0 3
0 0 1 1 1 7
0 1 0 0 0 8
0 1 0 0 1 11
0 1 0 1 0 5
0 1 0 1 1 10
0 1 1 0 0 1
0 1 1 0 1 2
0 1 1 1 0 5
0 1 1 1 1 11
1 0 0 0 0 10
1 0 0 0 1 10
1 0 0 1 0 15
1 0 0 1 1 11
1 0 1 0 0 15
1 0 1 0 1 14
1 0 1 1 0 3
1 0 1 1 1 10
1 1 0 0 0 7
1 1 0 0 1 7
1 1 0 1 0 0
1 1 0 1 1 2
1 1 1 0 0 18
1 1 1 0 1 1
1 1 1 1 0 5
1 1 1 1 1 9
3 13 3 5 0 8
0 0 0 14
0 0 1 13
0 1 0 1
0 1 1 1
1 0 0 14
1 0 1 13
1 1 0 14
1 1 1 9
3 4 12 5 0 8
0 0 0 3
0 0 1 13
0 1 0 6
0 1 1 13
1 0 0 18
1 0 1 2
1 1 0 11
1 1 1 7
5 0 3 4 5 9 0 32
0 0 0 0 0 11
0 0 0 0 1 10
0 0 0 1 0 17
0 0 0 1 1 4
0 0 1 0 0 9
0 0 1 0 1 15
0 0 1 1 0 19
0 0 1 1 1 9
0 1 0 0 0 7
0 1 0 0 1 20
0 1 0 1 0 17
0 1 0 1 1 11
0 1 1 0 0 14
0 1 1 0 1 19
0 1 1 1 0 15
0 1 1 1 1 1
1 0 0 0 0 20
1 0 0 0 1 10
1 0 0 1 0 19
1 0 0 1 1 4
1 0 1 0 0 2
1 0 1 0 1 16
1 0 1 1 0 7
1 0 1 1 1 3
1 1 0 0 0 16
1 1 0 0 1 11
1 1 0 1 0 7
1 1 0 1 1 8
1 1 1 0 0 0
1 1 1 0 1 11
1 1 1 1 0 3
1 1 1 1 1 6
3 0 1 7 0 8
0 0 0 16
0 0 1 20
0 1 0 1
0 1 1 2
1 0 0 15
1 0 1 20
1 1 0 6
1 1 1 2
4 0 2 12 5 0 16
0 0 0 0 8
0 0 0 1 7
0 0 1 0 10
0 0 1 1 15
0 1 0 0 2
0 1 0 1 3
0 1 1 0 17
0 1 1 1 9
1 0 0 0 1
1 0 0 1 5
1 0 1 0 12
1 0 1 1 15
1 1 0 0 11
1 1 0 1 2
1 1 1 0 4
1 1 1 1 13
1 7 0 2
0 5
1 5
1 0 0 2
0 19
1 18
6 1 4 6 7 10 12 0 64
0 0 0 0 0 0 2
0 0 0 0 0 1 15
0 0 0 0 1 0 13
0 0 0 0 1 1 20
0 0 0 1 0 0 0
0 0 0 1 0 1 13
0 0 0 1 1 0 0
0 0 0 1 1 1 18
0 0 1 0 0 0 16
0 0 1 0 0 1 16
0 0 1 0 1 0 10
0 0 1 0 1 1 6
0 0 1 1 0 0 6
0 0 1 1 0 1 18
0 0 1 1 1 0 3
0 0 1 1 1 1 19
0 1 0 0 0 0 7
0 1 0 0 0 1 11
0 1 0 0 1 0 5
0 1 0 0 1 1 14
0 1 0 1 0 0 20
0 1 0 1 0 1 7
0 1 0 1 1 0 4
0 1 0 1 1 1 5
0 1 1 0 0 0 5
0 1 1 0 0 1 4
0 1 1 0 1 0 8
0 1 1 0 1 1 17
0 1 1 1 0 0 11
0 1 1 1 0 1 15
0 1 1 1 1 0 15
0 1 1 1 1 1 9
1 0 0 0 0 0 14
1 0 0 0 0 1 9
1 0 0 0 1 0 14
1 0 0 0 1 1 1
1 0 0 1 0 0 10
1 0 0 1 0 1 4
1 0 0 1 1 0 0
1 0 0 1 1 1 16
1 0 1 0 0 0 17
1 0 1 0 0 1 18
1 0 1 0 1 0 9
1 0 1 0 1 1 13
1 0 1 1 0 0 0
1 0 1 1 0 1 20
1 0 1 1 1 0 9
1 0 1 1 1 1 18
1 1 0 0 0 0 18
1 1 0 0 0 1 0
1 1 0 0 1 0 16
1 1 0 0 1 1 6
1 1 0 1 0 0 7
1 1 0 1 0 1 0
1 1 0 1 1 0 19
1 1 0 1 1 1 7
1 1 1 0 0 0 18
1 1 1 0 0 1 20
1 1 1 0 1 0 19
1 1 1 0 1 1 0
1 1 1 1 0 0 7
1 1 1 1 0 1 16
1 1 1 1 1 0 8
1 1 1 1 1 1 11
1 1 0 2
0 17
1 20
6 2 5 6 9 11 13 0 64
0 0 0 0 0 0 2
0 0 0 0 0 1 14
0 0 0 0 1 0 4
0 0 0 0 1 1 17
0 0 0 1 0 0 8
0 0 0 1 0 1 11
0 0 0 1 1 0 8
0 0 0 1 1 1 13
0 0 1 0 0 0 18
0 0 1 0 0 1 4
0 0 1 0 1 0 1
0 0 1 0 1 1 18
0 0 1 1 0 0 19
0 0 1 1 0 1 0
0 0 1 1 1 0 10
0 0 1 1 1 1 16
0 1 0 0 0 0 5
0 1 0 0 0 1 19
0 1 0 0 1 0 0
0 1 0 0 1 1 10
0 1 0 1 0 0 6
0 1 0 1 0 1 10
0 1 0 1 1 0 12
0 1 0 1 1 1 5
0 1 1 0 0 0 13
0 1 1 0 0 1 17
0 1 1 0 1 0 12
0 1 1 0 1 1 18
0 1 1 1 0 0 10
0 1 1 1 0 1 16
0 1 1 1 1 0 1
0 1 1 1 1 1 4
1 0 0 0 0 0 15
1 0 0 0 0 1 18
1 0 0 0 1 0 12
1 0 0 0 1 1 2
1 0 0 1 0 0 0
1 0 0 1 0 1 9
1 0 0 1 1 0 18
1 0 0 1 1 1 10
1 0 1 0 0 0 2
1 0 1 0 0 1 6
1 0 1 0 1 0 19
1 0 1 0 1 1 15
1 0 1 1 0 0 13
1 0 1 1 0 1 20
1 0 1 1 1 0 11
1 0 1 1 1 1 17
1 1 0 0 0 0 0
1 1 0 0 0 1 4
1 1 0 0 1 0 16
1 1 0 0 1 1 2
1 1 0 1 0 0 1
1 1 0 1 0 1 0
1 1 0 1 1 0 19
1 1 0 1 1 1 19
1 1 1 0 0 0 1
1 1 1 0 0 1 5
1 1 1 0 1 0 13
1 1 1 0 1 1 12
1 1 1 1 0 0 10
1 1 1 1 0 1 17
1 1 1 1 1 0 12
1 1 1 1 1 1 12
6 0 1 6 8 10 13 0 64
0 0 0 0 0 0 7
0 0 0 0 0 1 8
0 0 0 0 1 0 3
0 0 0 0 1 1 2
0 0 0 1 0 0 7
0 0 0 1 0 1 19
0 0 0 1 1 0 0
0 0 0 1 1 1 2
0 0 1 0 0 0 2
0 0 1 0 0 1 20
0 0 1 0 1 0 8
0 0 1 0 1 1 16
0 0 1 1 0 0 10
0 0 1 1 0 1 10
0 0 1 1 1 0 14
0 0 1 1 1 1 13
0 1 0 0 0 0 15
0 1 0 0 0 1 12
0 1 0 0 1 0 11
0 1 0 0 1 1 18
0 1 0 1 0 0 10
0 1 0 1 0 1 6
0 1 0 1 1 0 11
0 1 0 1 1 1 7
0 1 1 0 0 0 7
0 1 1 0 0 1 2
0 1 1 0 1 0 8
0 1 1 0 1 1 17
0 1 1 1 0 0 12
0 1 1 1 0 1 19
0 1 1 1 1 0 3
0 1 1 1 1 1 0
1 0 0 0 0 0 14
1 0 0 0 0 1 9
1 0 0 0 1 0 0
1 0 0 0 1 1 10
1 0 0 1 0 0 6
1 0 0 1 0 1 12
1 0 0 1 1 0 13
1 0 0 1 1 1 9
1 0 1 0 0 0 2
1 0 1 0 0 1 20
1 0 1 0 1 0 8
1 0 1 0 1 1 17
1 0 1 1 0 0 11
1 0 1 1 0 1 12
1 0 1 1 1 0 15
1 0 1 1 1 1 1
1 1 0 0 0 0 20
1 1 0 0 0 1 7
1 1 0 0 1 0 0
1 1 0 0 1 1 8
1 1 0 1 0 0 5
1 1 0 1 0 1 20
1 1 0 1 1 0 13
1 1 0 1 1 1 17
1 1 1 0 0 0 3
1 1 1 0 0 1 6
1 1 1 0 1 0 9
1 1 1 0 1 1 13
1 1 1 1 0 0 18
1 1 1 1 0 1 3
1 1 1 1 1 0 17
1 1 1 1 1 1 1
4 10 3 12 6 0 16
0 0 0 0 8
0 0 0 1 3
0 0 1 0 19
0 0 1 1 9
0 1 0 0 18
0 1 0 1 13
0 1 1 0 2
0 1 1 1 16
1 0 0 0 0
1 0 0 1 16
1 0 1 0 4
1 0 1 1 13
1 1 0 0 0
1 1 0 1 14
1 1 1 0 9
1 1 1 1 9
1 9 0 2
0 7
1 14
4 0 1 11 9 0 16
0 0 0 0 5
0 0 0 1 17
0 0 1 0 12
0 0 1 1 18
0 1 0 0 8
0 1 0 1 19
0 1 1 0 15
0 1 1 1 1
1 0 0 0 14
1 0 0 1 8
1 0 1 0 18
1 0 1 1 17
1 1 0 0 12
1 1 0 1 20
1 1 1 0 7
1 1 1 1 15
4 8 10 3 6 0 16
0 0 0 0 1
0 0 0 1 3
0 0 1 0 19
0 0 1 1 13
0 1 0 0 13
0 1 0 1 14
0 1 1 0 19
0 1 1 1 0
1 0 0 0 10
1 0 0 1 3
1 0 1 0 0
1 0 1 1 15
1 1 0 0 1
1 1 0 1 4
1 1 1 0 0
1 1 1 1 18
4 8 9 3 12 0 16
0 0 0 0 12
0 0 0 1 18
0 0 1 0 8
0 0 1 1 4
0 1 0 0 9
0 1 0 1 13
0 1 1 0 3
0 1 1 1 7
1 0 0 0 12
1 0 0 1 3
1 0 1 0 9
1 0 1 1 5
1 1 0 0 14
1 1 0 1 3
1 1 1 0 17
1 1 1 1 13
5 3 7 11 12 13 0 32
0 0 0 0 0 2
0 0 0 0 1 19
0 0 0 1 0 15
0 0 0 1 1 18
0 0 1 0 0 8
0 0 1 0 1 6
0 0 1 1 0 14
0 0 1 1 1 9
0 1 0 0 0 1
0 1 0 0 1 12
0 1 0 1 0 9
0 1 0 1 1 14
0 1 1 0 0 10
0 1 1 0 1 4
0 1 1 1 0 13
0 1 1 1 1 20
1 0 0 0 0 15
1 0 0 0 1 20
1 0 0 1 0 17
1 0 0 1 1 14
1 0 1 0 0 0
1 0 1 0 1 15
1 0 1 1 0 6
1 0 1 1 1 3
1 1 0 0 0 18
1 1 0 0 1 4
1 1 0 1 0 18
1 1 0 1 1 11
1 1 1 0 0 7
1 1 1 0 1 20
1 1 1 1 0 11
1 1 1 1 1 1
5 2 4 8 11 12 0 32
0 0 0 0 0 17
0 0 0 0 1 16
0 0 0 1 0 14
0 0 0 1 1 18
0 0 1 0 0 2
0 0 1 0 1 6
0 0 1 1 0 0
0 0 1 1 1 9
0 1 0 0 0 6
0 1 0 0 1 2
0 1 0 1 0 11
0 1 0 1 1 15
0 1 1 0 0 14
0 1 1 0 1 9
0 1 1 1 0 9
0 1 1 1 1 7
1 0 0 0 0 9
1 0 0 0 1 2
1 0 0 1 0 15
1 0 0 1 1 8
1 0 1 0 0 4
1 0 1 0 1 20
1 0 1 1 0 0
1 0 1 1 1 11
1 1 0 0 0 14
1 1 0 0 1 19
1 1 0 1 0 2
1 1 0 1 1 9
1 1 1 0 0 14
1 1 1 0 1 3
1 1 1 1 0 14
1 1 1 1 1 9
1 12 0 2
0 14
1 0
2 0 5 0 4
0 0 11
0 1 17
1 0 15
1 1 13
4 8 2 12 13 0 16
0 0 0 0 16
0 0 0 1 1
0 0 1 0 15
0 0 1 1 16
0 1 0 0 16
0 1 0 1 11
0 1 1 0 16
0 1 1 1 16
1 0 0 0 11
1 0 0 1 14
1 0 1 0 12
1 0 1 1 8
1 1 0 0 17
1 1 0 1 8
1 1 1 0 14
1 1 1 1 11
2 4 6 0 4
0 0 18
0 1 0
1 0 11
1 1 10
5 1 3 4 8 13 0 32
0 0 0 0 0 12
0 0 0 0 1 13
0 0 0 1 0 16
0 0 0 1 1 15
0 0 1 0 0 10
0 0 1 0 1 1
0 0 1 1 0 20
0 0 1 1 1 8
0 1 0 0 0 7
0 1 0 0 1 11
0 1 0 1 0 1
0 1 0 1 1 19
0 1 1 0 0 19
0 1 1 0 1 16
0 1 1 1 0 13
0 1 1 1 1 10
1 0 0 0 0 5
1 0 0 0 1 5
1 0 0 1 0 12
1 0 0 1 1 4
1 0 1 0 0 16
1 0 1 0 1 8
1 0 1 1 0 13
1 0 1 1 1 17
1 1 0 0 0 3
1 1 0 0 1 19
1 1 0 1 0 6
1 1 0 1 1 12
1 1 1 0 0 4
1 1 1 0 1 0
1 1 1 1 0 7
1 1 1 1 1 20
1 2 0 2
0 0
1 14
6 4 5 6 7 8 9 0 64
0 0 0 0 0 0 4
0 0 0 0 0 1 18
0 0 0 0 1 0 14
0 0 0 0 1 1 7
0 0 0 1 0 0 0
0 0 0 1 0 1 2
0 0 0 1 1 0 13
0 0 0 1 1 1 9
0 0 1 0 0 0 5
0 0 1 0 0 1 6
0 0 1 0 1 0 13
0 0 1 0 1 1 18
0 0 1 1 0 0 9
0 0 1 1 0 1 17
0 0 1 1 1 0 17
0 0 1 1 1 1 3
0 1 0 0 0 0 1
0 1 0 0 0 1 12
0 1 0 0 1 0 16
0 1 0 0 1 1 19
0 1 0 1 0 0 16
0 1 0 1 0 1 12
0 1 0 1 1 0 3
0 1 0 1 1 1 13
0 1 1 0 0 0 11
0 1 1 0 0 1 6
0 1 1 0 1 0 6
0 1 1 0 1 1 6
0 1 1 1 0 0 5
0 1 1 1 0 1 4
0 1 1 1 1 0 20
0 1 1 1 1 1 9
1 0 0 0 0 0 12
1 0 0 0 0 1 8
1 0 0 0 1 0 11
1 0 0 0 1 1 5
1 0 0 1 0 0 0
1 0 0 1 0 1 6
1 0 0 1 1 0 4
1 0 0 1 1 1 17
1 0 1 0 0 0 3
1 0 1 0 0 1 14
1 0 1 0 1 0 10
1 0 1 0 1 1 4
1 0 1 1 0 0 10
1 0 1 1 0 1 8
1 0 1 1 1 0 18
1 0 1 1 1 1 0
1 1 0 0 0 0 7
1 1 0 0 0 1 16
1 1 0 0 1 0 17
1 1 0 0 1 1 16
1 1 0 1 0 0 3
1 1 0 1 0 1 19
1 1 0 1 1 0 13
1 1 0 1 1 1 3
1 1 1 0 0 0 4
1 1 1 0 0 1 5
1 1 1 0 1 0 6
1 1 1 0 1 1 12
1 1 1 1 0 0 8
1 1 1 1 0 1 8
1 1 1 1 1 0 19
1 1 1 1 1 1 7
2 10 13 0 4
0 0 19
0 1 4
1 0 10
1 1 5
6 1 2 4 9 10 13 0 64
0 0 0 0 0 0 20
0 0 0 0 0 1 7
0 0 0 0 1 0 15
0 0 0 0 1 1 1
0 0 0 1 0 0 9
0 0 0 1 0 1 18
0 0 0 1 1 0 9
0 0 0 1 1 1 14
0 0 1 0 0 0 14
0 0 1 0 0 1 1
0 0 1 0 1 0 13
0 0 1 0 1 1 19
0 0 1 1 0 0 9
0 0 1 1 0 1 17
0 0 1 1 1 0 9
0 0 1 1 1 1 18
0 1 0 0 0 0 19
0 1 0 0 0 1 11
0 1 0 0 1 0 20
0 1 0 0 1 1 7
0 1 0 1 0 0 8
0 1 0 1 0 1 4
0 1 0 1 1 0 10
0 1 0 1 1 1 18
0 1 1 0 0 0 18
0 1 1 0 0 1 12
0 1 1 0 1 0 15
0 1 1 0 1 1 6
0 1 1 1 0 0 7
0 1 1 1 0 1 17
0 1 1 1 1 0 6
0 1 1 1 1 1 20
1 0 0 0 0 0 4
1 0 0 0 0 1 2
1 0 0 0 1 0 7
1 0 0 0 1 1 13
1 0 0 1 0 0 10
1 0 0 1 0 1 4
1 0 0 1 1 0 20
1 0 0 1 1 1 3
1 0 1 0 0 0 12
1 0 1 0 0 1 13
1 0 1 0 1 0 0
1 0 1 0 1 1 16
1 0 1 1 0 0 14
1 0 1 1 0 1 16
1 0 1 1 1 0 4
1 0 1 1 1 1 20
1 1 0 0 0 0 1
1 1 0 0 0 1 0
1 1 0 0 1 0 20
1 1 0 0 1 1 19
1 1 0 1 0 0 7
1 1 0 1 0 1 18
1 1 0 1 1 0 1
1 1 0 1 1 1 8
1 1 1 0 0 0 0
1 1 1 0 0 1 0
1 1 1 0 1 0 17
1 1 1 0 1 1 15
1 1 1 1 0 0 1
1 1 1 1 0 1 20
1 1 1 1 1 0 4
1 1 1 1 1 1 9
3 11 9 3 0 8
0 0 0 18
0 0 1 3
0 1 0 4
0 1 1 15
1 0 0 0
1 0 1 20
1 1 0 20
1 1 1 11
3 11 12 6 0 8
0 0 0 7
0 0 1 17
0 1 0 14
0 1 1 11
1 0 0 2
1 0 1 13
1 1 0 9
1 1 1 6
2 1 4 0 4
0 0 9
0 1 5
1 0 17
1 1 14
2 0 4 0 4
0 0 3
0 1 7
1 0 1
1 1 20
1 10 0 2
0 6
1 8
4 1 10 4 6 0 16
0 0 0 0 20
0 0 0 1 11
0 0 1 0 1
0 0 1 1 0
0 1 0 0 0
0 1 0 1 19
0 1 1 0 17
0 1 1 1 1
1 0 0 0 13
1 0 0 1 16
1 0 1 0 3
1 0 1 1 19
1 1 0 0 19
1 1 0 1 7
1 1 1 0 18
1 1 1 1 1
4 10 13 2 5 0 16
0 0 0 0 3
0 0 0 1 2
0 0 1 0 15
0 0 1 1 2
0 1 0 0 11
0 1 0 1 20
0 1 1 0 11
0 1 1 1 6
1 0 0 0 10
1 0 0 1 12
1 0 1 0 5
1 0 1 1 14
1 1 0 0 6
1 1 0 1 13
1 1 1 0 3
1 1 1 1 0
2 2 6 0 4
0 0 14
0 1 19
1 0 11
1 1 3
4 9 10 5 1 0 16
0 0 0 0 4
0 0 0 1 9
0 0 1 0 16
0 0 1 1 19
0 1 0 0 10
0 1 0 1 17
0 1 1 0 19
0 1 1 1 10
1 0 0 0 7
1 0 0 1 4
1 0 1 0 18
1 0 1 1 15
1 1 0 0 17
1 1 0 1 18
1 1 1 0 18
1 1 1 1 5
1 3 0 2
0 8
1 8
4 9 2 3 7 0 16
0 0 0 0 14
0 0 0 1 15
0 0 1 0 19
0 0 1 1 16
0 1 0 0 2
0 1 0 1 1
0 1 1 0 12
0 1 1 1 5
1 0 0 0 17
1 0 0 1 4
1 0 1 0 9
1 0 1 1 20
1 1 0 0 19
1 1 0 1 14
1 1 1 0 9
1 1 1 1 8
5 2 5 6 7 9 0 32
0 0 0 0 0 4
0 0 0 0 1 1
0 0 0 1 0 11
0 0 0 1 1 4
0 0 1 0 0 4
0 0 1 0 1 7
0 0 1 1 0 0
0 0 1 1 1 9
0 1 0 0 0 20
0 1 0 0 1 5
0 1 0 1 0 12
0 1 0 1 1 13
0 1 1 0 0 12
0 1 1 0 1 16
0 1 1 1 0 15
0 1 1 1 1 19
1 0 0 0 0 7
1 0 0 0 1 12
1 0 0 1 0 20
1 0 0 1 1 5
1 0 1 0 0 4
1 0 1 0 1 17
1 0 1 1 0 4
1 0 1 1 1 12
1 1 0 0 0 13
1 1 0 0 1 14
1 1 0 1 0 4
1 1 0 1 1 4
1 1 1 0 0 18
1 1 1 0 1 14
1 1 1 1 0 19
1 1 1 1 1 10
6 0 1 2 5 9 13 0 64
0 0 0 0 0 0 18
0 0 0 0 0 1 18
0 0 0 0 1 0 8
0 0 0 0 1 1 5
0 0 0 1 0 0 20
0 0 0 1 0 1 15
0 0 0 1 1 0 5
0 0 0 1 1 1 2
0 0 1 0 0 0 9
0 0 1 0 0 1 14
0 0 1 0 1 0 5
0 0 1 0 1 1 15
0 0 1 1 0 0 13
0 0 1 1 0 1 17
0 0 1 1 1 0 18
0 0 1 1 1 1 3
0 1 0 0 0 0 14
0 1 0 0 0 1 19
0 1 0 0 1 0 0
0 1 0 0 1 1 2
0 1 0 1 0 0 12
0 1 0 1 0 1 0
0 1 0 1 1 0 15
0 1 0 1 1 1 11
0 1 1 0 0 0 6
0 1 1 0 0 1 20
0 1 1 0 1 0 6
0 1 1 0 1 1 18
0 1 1 1 0 0 5
0 1 1 1 0 1 10
0 1 1 1 1 0 16
0 1 1 1 1 1 9
1 0 0 0 0 0 10
1 0 0 0 0 1 2
1 0 0 0 1 0 5
1 0 0 0 1 1 15
1 0 0 1 0 0 2
1 0 0 1 0 1 9
1 0 0 1 1 0 17
1 0 0 1 1 1 20
1 0 1 0 0 0 17
1 0 1 0 0 1 6
1 0 1 0 1 0 13
1 0 1 0 1 1 0
1 0 1 1 0 0 12
1 0 1 1 0 1 15
1 0 1 1 1 0 6
1 0 1 1 1 1 10
1 1 0 0 0 0 15
1 1 0 0 0 1 12
1 1 0 0 1 0 7
1 1 0 0 1 1 19
1 1 0 1 0 0 10
1 1 0 1 0 1 3
1 1 0 1 1 0 9
1 1 0 1 1 1 3
1 1 1 0 0 0 11
1 1 1 0 0 1 17
1 1 1 0 1 0 12
1 1 1 0 1 1 18
1 1 1 1 0 0 2
1 1 1 1 0 1 12
1 1 1 1 1 0 4
1 1 1 1 1 1 19
2 8 11 0 4
0 0 4
0 1 1
1 0 17
1 1 18
5 3 6 7 8 9 0 32
0 0 0 0 0 18
0 0 0 0 1 7
0 0 0 1 0 17
0 0 0 1 1 13
0 0 1 0 0 16
0 0 1 0 1 18
0 0 1 1 0 15
0 0 1 1 1 1
0 1 0 0 0 14
0 1 0 0 1 18
0 1 0 1 0 20
0 1 0 1 1 16
0 1 1 0 0 16
0 1 1 0 1 19
0 1 1 1 0 15
0 1 1 1 1 18
1 0 0 0 0 18
1 0 0 0 1 10
1 0 0 1 0 6
1 0 0 1 1 1
1 0 1 0 0 3
1 0 1 0 1 4
1 0 1 1 0 1
1 0 1 1 1 4
1 1 0 0 0 11
1 1 0 0 1 0
1 1 0 1 0 17
1 1 0 1 1 2
1 1 1 0 0 9
1 1 1 0 1 16
1 1 1 1 0 2
1 1 1 1 1 2
3 10 4 12 0 8
0 0 0 10
0 0 1 10
0 1 0 19
0 1 1 7
1 0 0 16
1 0 1 19
1 1 0 16
1 1 1 15
5 1 2 3 7 13 0 32
0 0 0 0 0 17
0 0 0 0 1 17
0 0 0 1 0 14
0 0 0 1 1 17
0 0 1 0 0 12
0 0 1 0 1 0
0 0 1 1 0 13
0 0 1 1 1 18
0 1 0 0 0 17
0 1 0 0 1 13
0 1 0 1 0 20
0 1 0 1 1 10
0 1 1 0 0 6
0 1 1 0 1 10
0 1 1 1 0 0
0 1 1 1 1 7
1 0 0 0 0 9
1 0 0 0 1 10
1 0 0 1 0 17
1 0 0 1 1 18
1 0 1 0 0 5
1 0 1 0 1 0
1 0 1 1 0 4
1 0 1 1 1 15
1 1 0 0 0 0
1 1 0 0 1 10
1 1 0 1 0 6
1 1 0 1 1 16
1 1 1 0 0 8
1 1 1 0 1 10
1 1 1 1 0 0
1 1 1 1 1 15
4 11 2 3 5 0 16
0 0 0 0 1
0 0 0 1 4
0 0 1 0 12
0 0 1 1 8
0 1 0 0 6
0 1 0 1 8
0 1 1 0 10
0 1 1 1 17
1 0 0 0 12
1 0 0 1 5
1 0 1 0 1
1 0 1 1 1
1 1 0 0 0
1 1 0 1 20
1 1 1 0 1
1 1 1 1 2
3 0 2 4 0 8
0 0 0 8
0 0 1 12
0 1 0 10
0 1 1 12
1 0 0 12
1 0 1 18
1 1 0 14
1 1 1 2
3 11 4 12 0 8
0 0 0 3
0 0 1 11
0 1 0 17
0 1 1 1
1 0 0 10
1 0 1 5
1 1 0 12
1 1 1 1
5 1 3 6 11 12 0 32
0 0 0 0 0 15
0 0 0 0 1 6
0 0 0 1 0 2
0 0 0 1 1 16
0 0 1 0 0 3
0 0 1 0 1 20
0 0 1 1 0 11
0 0 1 1 1 8
0 1 0 0 0 16
0 1 0 0 1 4
0 1 0 1 0 12
0 1 0 1 1 8
0 1 1 0 0 17
0 1 1 0 1 13
0 1 1 1 0 6
0 1 1 1 1 12
1 0 0 0 0 3
1 0 0 0 1 14
1 0 0 1 0 7
1 0 0 1 1 2
1 0 1 0 0 8
1 0 1 0 1 8
1 0 1 1 0 2
1 0 1 1 1 0
1 1 0 0 0 20
1 1 0 0 1 19
1 1 0 1 0 11
1 1 0 1 1 3
1 1 1 0 0 16
1 1 1 0 1 0
1 1 1 1 0 12
1 1 1 1 1 0
5 1 3 5 8 10 0 32
0 0 0 0 0 11
0 0 0 0 1 0
0 0 0 1 0 13
0 0 0 1 1 8
0 0 1 0 0 14
0 0 1 0 1 12
0 0 1 1 0 12
0 0 1 1 1 16
0 1 0 0 0 15
0 1 0 0 1 15
0 1 0 1 0 3
0 1 0 1 1 11
0 1 1 0 0 16
0 1 1 0 1 11
0 1 1 1 0 14
0 1 1 1 1 12
1 0 0 0 0 7
1 0 0 0 1 12
1 0 0 1 0 17
1 0 0 1 1 13
1 0 1 0 0 14
1 0 1 0 1 4
1 0 1 1 0 19
1 0 1 1 1 12
1 1 0 0 0 15
1 1 0 0 1 18
1 1 0 1 0 9
1 1 0 1 1 16
1 1 1 0 0 20
1 1 1 0 1 10
1 1 1 1 0 7
1 1 1 1 1 11
5 2 7 9 12 13 0 32
0 0 0 0 0 13
0 0 0 0 1 16
0 0 0 1 0 16
0 0 0 1 1 13
0 0 1 0 0 3
0 0 1 0 1 17
0 0 1 1 0 8
0 0 1 1 1 14
0 1 0 0 0 4
0 1 0 0 1 17
0 1 0 1 0 11
0 1 0 1 1 3
0 1 1 0 0 9
0 1 1 0 1 5
0 1 1 1 0 20
0 1 1 1 1 2
1 0 0 0 0 9
1 0 0 0 1 10
1 0 0 1 0 20
1 0 0 1 1 15
1 0 1 0 0 7
1 0 1 0 1 12
1 0 1 1 0 8
1 0 1 1 1 20
1 1 0 0 0 15
1 1 0 0 1 7
1 1 0 1 0 12
1 1 0 1 1 17
1 1 1 0 0 7
1 1 1 0 1 15
1 1 1 1 0 6
1 1 1 1 1 1
3 8 2 11 0 8
0 0 0 10
0 0 1 16
0 1 0 18
0 1 1 7
1 0 0 2
1 0 1 20
1 1 0 11
1 1 1 11
2 0 7 0 4
0 0 5
0 1 13
1 0 17
1 1 0
1 11 0 2
0 3
1 20
4 9 12 5 7 0 16
0 0 0 0 4
0 0 0 1 6
0 0 1 0 1
0 0 1 1 4
0 1 0 0 15
0 1 0 1 18
0 1 1 0 11
0 1 1 1 11
1 0 0 0 7
1 0 0 1 16
1 0 1 0 10
1 0 1 1 0
1 1 0 0 19
1 1 0 1 4
1 1 1 0 20
1 1 1 1 5
4 9 4 5 7 0 16
0 0 0 0 1
0 0 0 1 1
0 0 1 0 18
0 0 1 1 9
0 1 0 0 20
0 1 0 1 17
0 1 1 0 7
0 1 1 1 19
1 0 0 0 8
1 0 0 1 15
1 0 1 0 20
1 0 1 1 11
1 1 0 0 19
1 1 0 1 3
1 1 1 0 10
1 1 1 1 20
6 2 3 5 6 10 11 0 64
0 0 0 0 0 0 2
0 0 0 0 0 1 1
0 0 0 0 1 0 5
0 0 0 0 1 1 13
0 0 0 1 0 0 5
0 0 0 1 0 1 12
0 0 0 1 1 0 5
0 0 0 1 1 1 5
0 0 1 0 0 0 0
0 0 1 0 0 1 7
0 0 1 0 1 0 0
0 0 1 0 1 1 7
0 0 1 1 0 0 17
0 0 1 1 0 1 10
0 0 1 1 1 0 13
0 0 1 1 1 1 18
0 1 0 0 0 0 1
0 1 0 0 0 1 17
0 1 0 0 1 0 18
0 1 0 0 1 1 13
0 1 0 1 0 0 15
0 1 0 1 0 1 10
0 1 0 1 1 0 17
0 1 0 1 1 1 5
0 1 1 0 0 0 7
0 1 1 0 0 1 10
0 1 1 0 1 0 15
0 1 1 0 1 1 14
0 1 1 1 0 0 3
0 1 1 1 0 1 6
0 1 1 1 1 0 5
0 1 1 1 1 1 19
1 0 0 0 0 0 20
1 0 0 0 0 1 20
1 0 0 0 1 0 14
1 0 0 0 1 1 13
1 0 0 1 0 0 4
1 0 0 1 0 1 0
1 0 0 1 1 0 13
1 0 0 1 1 1 19
1 0 1 0 0 0 8
1 0 1 0 0 1 8
1 0 1 0 1 0 3
1 0 1 0 1 1 7
1 0 1 1 0 0 3
1 0 1 1 0 1 17
1 0 1 1 1 0 10
1 0 1 1 1 1 15
1 1 0 0 0 0 13
1 1 0 0 0 1 14
1 1 0 0 1 0 12
1 1 0 0 1 1 12
1 1 0 1 0 0 18
1 1 0 1 0 1 10
1 1 0 1 1 0 0
1 1 0 1 1 1 16
1 1 1 0 0 0 20
1 1 1 0 0 1 5
1 1 1 0 1 0 9
1 1 1 0 1 1 9
1 1 1 1 0 0 10
1 1 1 1 0 1 15
1 1 1 1 1 0 5
1 1 1 1 1 1 2
6 2 5 6 7 9 12 0 64
0 0 0 0 0 0 14
0 0 0 0 0 1 11
0 0 0 0 1 0 15
0 0 0 0 1 1 9
0 0 0 1 0 0 0
0 0 0 1 0 1 14
0 0 0 1 1 0 8
0 0 0 1 1 1 9
0 0 1 0 0 0 6
0 0 1 0 0 1 18
0 0 1 0 1 0 18
0 0 1 0 1 1 7
0 0 1 1 0 0 5
0 0 1 1 0 1 7
0 0 1 1 1 0 3
0 0 1 1 1 1 9
0 1 0 0 0 0 18
0 1 0 0 0 1 4
0 1 0 0 1 0 4
0 1 0 0 1 1 2
0 1 0 1 0 0 5
0 1 0 1 0 1 6
0 1 0 1 1 0 7
0 1 0 1 1 1 15
0 1 1 0 0 0 3
0 1 1 0 0 1 18
0 1 1 0 1 0 17
0 1 1 0 1 1 20
0 1 1 1 0 0 3
0 1 1 1 0 1 13
0 1 1 1 1 0 17
0 1 1 1 1 1 11
1 0 0 0 0 0 13
1 0 0 0 0 1 6
1 0 0 0 1 0 19
1 0 0 0 1 1 16
1 0 0 1 0 0 0
1 0 0 1 0 1 20
1 0 0 1 1 0 4
1 0 0 1 1 1 12
1 0 1 0 0 0 14
1 0 1 0 0 1 19
1 0 1 0 1 0 14
1 0 1 0 1 1 9
1 0 1 1 0 0 0
1 0 1 1 0 1 1
1 0 1 1 1 0 18
1 0 1 1 1 1 8
1 1 0 0 0 0 5
1 1 0 0 0 1 12
1 1 0 0 1 0 0
1 1 0 0 1 1 9
1 1 0 1 0 0 3
1 1 0 1 0 1 9
1 1 0 1 1 0 11
1 1 0 1 1 1 13
1 1 1 0 0 0 8
1 1 1 0 0 1 6
1 1 1 0 1 0 2
1 1 1 0 1 1 17
1 1 1 1 0 0 17
1 1 1 1 0 1 8
1 1 1 1 1 0 4
1 1 1 1 1 1 4
4 8 9 13 7 0 16
0 0 0 0 16
0 0 0 1 1
0 0 1 0 0
0 0 1 1 20
0 1 0 0 0
0 1 0 1 6
0 1 1 0 2
0 1 1 1 7
1 0 0 0 2
1 0 0 1 12
1 0 1 0 0
1 0 1 1 17
1 1 0 0 18
1 1 0 1 16
1 1 1 0 1
1 1 1 1 7
2 10 7 0 4
0 0 10
0 1 6
1 0 12
1 1 11
5 2 3 8 10 13 0 32
0 0 0 0 0 1
0 0 0 0 1 7
0 0 0 1 0 13
0 0 0 1 1 11
0 0 1 0 0 11
0 0 1 0 1 13
0 0 1 1 0 12
0 0 1 1 1 3
0 1 0 0 0 18
0 1 0 0 1 5
0 1 0 1 0 18
0 1 0 1 1 16
0 1 1 0 0 17
0 1 1 0 1 19
0 1 1 1 0 2
0 1 1 1 1 11
1 0 0 0 0 9
1 0 0 0 1 13
1 0 0 1 0 18
1 0 0 1 1 14
1 0 1 0 0 18
1 0 1 0 1 5
1 0 1 1 0 6
1 0 1 1 1 19
1 1 0 0 0 9
1 1 0 0 1 6
1 1 0 1 0 7
1 1 0 1 1 4
1 1 1 0 0 2
1 1 1 0 1 19
1 1 1 1 0 7
1 1 1 1 1 12
4 0 4 6 7 0 16
0 0 0 0 2
0 0 0 1 5
0 0 1 0 2
0 0 1 1 0
0 1 0 0 13
0 1 0 1 3
0 1 1 0 6
0 1 1 1 2
1 0 0 0 7
1 0 0 1 8
1 0 1 0 3
1 0 1 1 11
1 1 0 0 6
1 1 0 1 15
1 1 1 0 16
1 1 1 1 2
4 0 10 2 7 0 16
0 0 0 0 1
0 0 0 1 4
0 0 1 0 13
0 0 1 1 12
0 1 0 0 20
0 1 0 1 20
0 1 1 0 1
0 1 1 1 18
1 0 0 0 15
1 0 0 1 11
1 0 1 0 2
1 0 1 1 18
1 1 0 0 13
1 1 0 1 6
1 1 1 0 5
1 1 1 1 9
5 0 2 3 5 10 0 32
0 0 0 0 0 8
0 0 0 0 1 7
0 0 0 1 0 4
0 0 0 1 1 3
0 0 1 0 0 7
0 0 1 0 1 10
0 0 1 1 0 14
0 0 1 1 1 12
0 1 0 0 0 13
0 1 0 0 1 16
0 1 0 1 0 8
0 1 0 1 1 3
0 1 1 0 0 2
0 1 1 0 1 4
0 1 1 1 0 13
0 1 1 1 1 18
1 0 0 0 0 14
1 0 0 0 1 0
1 0 0 1 0 3
1 0 0 1 1 9
1 0 1 0 0 14
1 0 1 0 1 8
1 0 1 1 0 8
1 0 1 1 1 13
1 1 0 0 0 14
1 1 0 0 1 2
1 1 0 1 0 0
1 1 0 1 1 13
1 1 1 0 0 4
1 1 1 0 1 14
1 1 1 1 0 2
1 1 1 1 1 17
1 4 0 2
0 1
1 9
4 8 3 10 11 0 16
0 0 0 0 13
0 0 0 1 2
0 0 1 0 5
0 0 1 1 5
0 1 0 0 8
0 1 0 1 10
0 1 1 0 14
0 1 1 1 17
1 0 0 0 8
1 0 0 1 15
1 0 1 0 15
1 0 1 1 2
1 1 0 0 6
1 1 0 1 14
1 1 1 0 1
1 1 1 1 14
4 8 11 4 5 0 16
0 0 0 0 7
0 0 0 1 1
0 0 1 0 12
0 0 1 1 11
0 1 0 0 17
0 1 0 1 16
0 1 1 0 14
0 1 1 1 9
1 0 0 0 0
1 0 0 1 6
1 0 1 0 10
1 0 1 1 2
1 1 0 0 0
1 1 0 1 14
1 1 1 0 6
1 1 1 1 13
6 0 2 3 5 7 8 0 64
0 0 0 0 0 0 0
0 0 0 0 0 1 4
0 0 0 0 1 0 7
0 0 0 0 1 1 19
0 0 0 1 0 0 0
0 0 0 1 0 1 13
0 0 0 1 1 0 14
0 0 0 1 1 1 14
0 0 1 0 0 0 1
0 0 1 0 0 1 9
0 0 1 0 1 0 12
0 0 1 0 1 1 20
0 0 1 1 0 0 5
0 0 1 1 0 1 15
0 0 1 1 1 0 15
0 0 1 1 1 1 18
0 1 0 0 0 0 19
0 1 0 0 0 1 10
0 1 0 0 1 0 12
0 1 0 0 1 1 11
0 1 0 1 0 0 7
0 1 0 1 0 1 16
0 1 0 1 1 0 1
0 1 0 1 1 1 1
0 1 1 0 0 0 2
0 1 1 0 0 1 12
0 1 1 0 1 0 5
0 1 1 0 1 1 14
0 1 1 1 0 0 13
0 1 1 1 0 1 18
0 1 1 1 1 0 15
0 1 1 1 1 1 6
1 0 0 0 0 0 3
1 0 0 0 0 1 2
1 0 0 0 1 0 7
1 0 0 0 1 1 7
1 0 0 1 0 0 17
1 0 0 1 0 1 13
1 0 0 1 1 0 1
1 0 0 1 1 1 16
1 0 1 0 0 0 7
1 0 1 0 0 1 16
1 0 1 0 1 0 11
1 0 1 0 1 1 7
1 0 1 1 0 0 10
1 0 1 1 0 1 2
1 0 1 1 1 0 20
1 0 1 1 1 1 8
1 1 0 0 0 0 13
1 1 0 0 0 1 2
1 1 0 0 1 0 16
1 1 0 0 1 1 3
1 1 0 1 0 0 18
1 1 0 1 0 1 8
1 1 0 1 1 0 12
1 1 0 1 1 1 5
1 1 1 0 0 0 15
1 1 1 0 0 1 16
1 1 1 0 1 0 17
1 1 1 0 1 1 6
1 1 1 1 0 0 17
1 1 1 1 0 1 1
1 1 1 1 1 0 4
1 1 1 1 1 1 1
6 2 3 8 11 12 13 0 64
0 0 0 0 0 0 11
0 0 0 0 0 1 5
0 0 0 0 1 0 10
0 0 0 0 1 1 7
0 0 0 1 0 0 8
0 0 0 1 0 1 18
0 0 0 1 1 0 5
0 0 0 1 1 1 0
0 0 1 0 0 0 2
0 0 1 0 0 1 2
0 0 1 0 1 0 16
0 0 1 0 1 1 18
0 0 1 1 0 0 10
0 0 1 1 0 1 17
0 0 1 1 1 0 5
0 0 1 1 1 1 10
0 1 0 0 0 0 7
0 1 0 0 0 1 13
0 1 0 0 1 0 19
0 1 0 0 1 1 15
0 1 0 1 0 0 0
0 1 0 1 0 1 17
0 1 0 1 1 0 11
0 1 0 1 1 1 19
0 1 1 0 0 0 15
0 1 1 0 0 1 2
0 1 1 0 1 0 12
0 1 1 0 1 1 1
0 1 1 1 0 0 3
0 1 1 1 0 1 19
0 1 1 1 1 0 15
0 1 1 1 1 1 9
1 0 0 0 0 0 0
1 0 0 0 0 1 4
1 0 0 0 1 0 20
1 0 0 0 1 1 1
1 0 0 1 0 0 4
1 0 0 1 0 1 12
1 0 0 1 1 0 18
1 0 0 1 1 1 9
1 0 1 0 0 0 1
1 0 1 0 0 1 9
1 0 1 0 1 0 13
1 0 1 0 1 1 13
1 0 1 1 0 0 16
1 0 1 1 0 1 0
1 0 1 1 1 0 14
1 0 1 1 1 1 16
1 1 0 0 0 0 4
1 1 0 0 0 1 20
1 1 0 0 1 0 17
1 1 0 0 1 1 6
1 1 0 1 0 0 0
1 1 0 1 0 1 13
1 1 0 1 1 0 14
1 1 0 1 1 1 16
1 1 1 0 0 0 1
1 1 1 0 0 1 3
1 1 1 0 1 0 9
1 1 1 0 1 1 10
1 1 1 1 0 0 6
1 1 1 1 0 1 12
1 1 1 1 1 0 11
1 1 1 1 1 1 19
6 2 3 5 6 7 10 0 64
0 0 0 0 0 0 16
0 0 0 0 0 1 1
0 0 0 0 1 0 2
0 0 0 0 1 1 0
0 0 0 1 0 0 11
0 0 0 1 0 1 3
0 0 0 1 1 0 6
0 0 0 1 1 1 20
0 0 1 0 0 0 6
0 0 1 0 0 1 10
0 0 1 0 1 0 18
0 0 1 0 1 1 19
0 0 1 1 0 0 15
0 0 1 1 0 1 13
0 0 1 1 1 0 20
0 0 1 1 1 1 9
0 1 0 0 0 0 11
0 1 0 0 0 1 17
0 1 0 0 1 0 3
0 1 0 0 1 1 6
0 1 0 1 0 0 2
0 1 0 1 0 1 18
0 1 0 1 1 0 13
0 1 0 1 1 1 5
0 1 1 0 0 0 16
0 1 1 0 0 1 11
0 1 1 0 1 0 9
0 1 1 0 1 1 5
0 1 1 1 0 0 16
0 1 1 1 0 1 7
0 1 1 1 1 0 10
0 1 1 1 1 1 20
1 0 0 0 0 0 10
1 0 0 0 0 1 7
1 0 0 0 1 0 17
1 0 0 0 1 1 17
1 0 0 1 0 0 18
1 0 0 1 0 1 20
1 0 0 1 1 0 13
1 0 0 1 1 1 3
1 0 1 0 0 0 10
1 0 1 0 0 1 16
1 0 1 0 1 0 3
1 0 1 0 1 1 6
1 0 1 1 0 0 7
1 0 1 1 0 1 7
1 0 1 1 1 0 15
1 0 1 1 1 1 7
1 1 0 0 0 0 13
1 1 0 0 0 1 12
1 1 0 0 1 0 6
1 1 0 0 1 1 9
1 1 0 1 0 0 19
1 1 0 1 0 1 10
1 1 0 1 1 0 6
1 1 0 1 1 1 10
1 1 1 0 0 0 6
1 1 1 0 0 1 0
1 1 1 0 1 0 17
1 1 1 0 1 1 4
1 1 1 1 0 0 3
1 1 1 1 0 1 19
1 1 1 1 1 0 0
1 1 1 1 1 1 11
5 3 10 11 12 13 0 32
0 0 0 0 0 0
0 0 0 0 1 10
0 0 0 1 0 5
0 0 0 1 1 20
0 0 1 0 0 7
0 0 1 0 1 18
0 0 1 1 0 4
0 0 1 1 1 10
0 1 0 0 0 2
0 1 0 0 1 14
0 1 0 1 0 8
0 1 0 1 1 0
0 1 1 0 0 16
0 1 1 0 1 4
0 1 1 1 0 14
0 1 1 1 1 4
1 0 0 0 0 10
1 0 0 0 1 18
1 0 0 1 0 10
1 0 0 1 1 17
1 0 1 0 0 3
1 0 1 0 1 10
1 0 1 1 0 18
1 0 1 1 1 19
1 1 0 0 0 12
1 1 0 0 1 3
1 1 0 1 0 8
1 1 0 1 1 18
1 1 1 0 0 10
1 1 1 0 1 16
1 1 1 1 0 9
1 1 1 1 1 11
3 0 10 5 0 8
0 0 0 19
0 0 1 5
0 1 0 6
0 1 1 3
1 0 0 17
1 0 1 13
1 1 0 18
1 1 1 14
3 0 12 4 0 8
0 0 0 6
0 0 1 12
0 1 0 16
0 1 1 18
1 0 0 8
1 0 1 5
1 1 0 9
1 1 1 6
5 0 1 6 9 10 0 32
0 0 0 0 0 15
0 0 0 0 1 8
0 0 0 1 0 8
0 0 0 1 1 6
0 0 1 0 0 2
0 0 1 0 1 6
0 0 1 1 0 7
0 0 1 1 1 5
0 1 0 0 0 10
0 1 0 0 1 19
0 1 0 1 0 5
0 1 0 1 1 8
0 1 1 0 0 20
0 1 1 0 1 11
0 1 1 1 0 3
0 1 1 1 1 19
1 0 0 0 0 9
1 0 0 0 1 0
1 0 0 1 0 10
1 0 0 1 1 10
1 0 1 0 0 5
1 0 1 0 1 12
1 0 1 1 0 14
1 0 1 1 1 3
1 1 0 0 0 13
1 1 0 0 1 7
1 1 0 1 0 5
1 1 0 1 1 17
1 1 1 0 0 5
1 1 1 0 1 18
1 1 1 1 0 8
1 1 1 1 1 1
5 4 6 10 11 12 0 32
0 0 0 0 0 11
0 0 0 0 1 8
0 0 0 1 0 5
0 0 0 1 1 4
0 0 1 0 0 4
0 0 1 0 1 18
0 0 1 1 0 15
0 0 1 1 1 10
0 1 0 0 0 11
0 1 0 0 1 1
0 1 0 1 0 17
0 1 0 1 1 12
0 1 1 0 0 2
0 1 1 0 1 14
0 1 1 1 0 18
0 1 1 1 1 3
1 0 0 0 0 9
1 0 0 0 1 4
1 0 0 1 0 1
1 0 0 1 1 18
1 0 1 0 0 7
1 0 1 0 1 15
1 0 1 1 0 11
1 0 1 1 1 14
1 1 0 0 0 13
1 1 0 0 1 0
1 1 0 1 0 19
1 1 0 1 1 14
1 1 1 0 0 7
1 1 1 0 1 12
1 1 1 1 0 6
1 1 1 1 1 6
4 1 3 4 9 0 16
0 0 0 0 1
0 0 0 1 10
0 0 1 0 2
0 0 1 1 13
0 1 0 0 8
0 1 0 1 5
0 1 1 0 10
0 1 1 1 2
1 0 0 0 14
1 0 0 1 20
1 0 1 0 1
1 0 1 1 3
1 1 0 0 12
1 1 0 1 14
1 1 1 0 10
1 1 1 1 10
4 0 3 11 7 0 16
0 0 0 0 13
0 0 0 1 3
0 0 1 0 7
0 0 1 1 10
0 1 0 0 12
0 1 0 1 0
0 1 1 0 20
0 1 1 1 4
1 0 0 0 18
1 0 0 1 13
1 0 1 0 5
1 0 1 1 12
1 1 0 0 4
1 1 0 1 7
1 1 1 0 12
1 1 1 1 3
1 5 0 2
0 7
1 15
5 0 4 6 7 12 0 32
0 0 0 0 0 13
0 0 0 0 1 17
0 0 0 1 0 14
0 0 0 1 1 18
0 0 1 0 0 11
0 0 1 0 1 16
0 0 1 1 0 12
0 0 1 1 1 16
0 1 0 0 0 1
0 1 0 0 1 18
0 1 0 1 0 7
0 1 0 1 1 11
0 1 1 0 0 3
0 1 1 0 1 13
0 1 1 1 0 17
0 1 1 1 1 17
1 0 0 0 0 3
1 0 0 0 1 5
1 0 0 1 0 9
1 0 0 1 1 8
1 0 1 0 0 3
1 0 1 0 1 10
1 0 1 1 0 19
1 0 1 1 1 7
1 1 0 0 0 14
1 1 0 0 1 16
1 1 0 1 0 1
1 1 0 1 1 3
1 1 1 0 0 3
1 1 1 0 1 1
1 1 1 1 0 1
1 1 1 1 1 19
5 0 2 5 7 8 0 32
0 0 0 0 0 4
0 0 0 0 1 10
0 0 0 1 0 14
0 0 0 1 1 13
0 0 1 0 0 13
0 0 1 0 1 11
0 0 1 1 0 10
0 0 1 1 1 16
0 1 0 0 0 5
0 1 0 0 1 9
0 1 0 1 0 14
0 1 0 1 1 2
0 1 1 0 0 12
0 1 1 0 1 13
0 1 1 1 0 6
0 1 1 1 1 8
1 0 0 0 0 14
1 0 0 0 1 0
1 0 0 1 0 4
1 0 0 1 1 15
1 0 1 0 0 3
1 0 1 0 1 9
1 0 1 1 0 19
1 0 1 1 1 7
1 1 0 0 0 17
1 1 0 0 1 12
1 1 0 1 0 17
1 1 0 1 1 13
1 1 1 0 0 5
1 1 1 0 1 4
1 1 1 1 0 14
1 1 1 1 1 2
