unknown 30 2 91 99999
1 1 2 1 1 1 1 1 1 2 2 1 1 2 2 1 2 2 2 2 2 1 2 1 1 2 2 1 1 2
2 2 2 2 2 2 2 2 2 2 2 2 2 2 2 2 2 2 2 2 2 2 2 2 2 2 2 2 2 2 
2 2 11 0 4
0 0 2
0 1 20
1 0 10
1 1 13
4 8 2 18 29 0 16
0 0 0 0 3
0 0 0 1 3
0 0 1 0 9
0 0 1 1 2
0 1 0 0 15
0 1 0 1 15
0 1 1 0 4
0 1 1 1 0
1 0 0 0 16
1 0 0 1 14
1 0 1 0 1
1 0 1 1 11
1 1 0 0 18
1 1 0 1 13
1 1 1 0 3
1 1 1 1 12
4 1 3 5 6 0 16
0 0 0 0 15
0 0 0 1 13
0 0 1 0 13
0 0 1 1 15
0 1 0 0 9
0 1 0 1 19
0 1 1 0 14
0 1 1 1 15
1 0 0 0 6
1 0 0 1 10
1 0 1 0 18
1 0 1 1 6
1 1 0 0 19
1 1 0 1 9
1 1 1 0 18
1 1 1 1 12
6 3 7 12 16 17 23 0 64
0 0 0 0 0 0 16
0 0 0 0 0 1 4
0 0 0 0 1 0 2
0 0 0 0 1 1 9
0 0 0 1 0 0 11
0 0 0 1 0 1 14
0 0 0 1 1 0 2
0 0 0 1 1 1 2
0 0 1 0 0 0 20
0 0 1 0 0 1 16
0 0 1 0 1 0 19
0 0 1 0 1 1 10
0 0 1 1 0 0 16
0 0 1 1 0 1 20
0 0 1 1 1 0 20
0 0 1 1 1 1 2
0 1 0 0 0 0 10
0 1 0 0 0 1 6
0 1 0 0 1 0 2
0 1 0 0 1 1 11
0 1 0 1 0 0 8
0 1 0 1 0 1 16
0 1 0 1 1 0 0
0 1 0 1 1 1 14
0 1 1 0 0 0 20
0 1 1 0 0 1 0
0 1 1 0 1 0 2
0 1 1 0 1 1 3
0 1 1 1 0 0 11
0 1 1 1 0 1 4
0 1 1 1 1 0 14
0 1 1 1 1 1 13
1 0 0 0 0 0 0
1 0 0 0 0 1 7
1 0 0 0 1 0 12
1 0 0 0 1 1 17
1 0 0 1 0 0 9
1 0 0 1 0 1 4
1 0 0 1 1 0 18
1 0 0 1 1 1 5
1 0 1 0 0 0 14
1 0 1 0 0 1 20
1 0 1 0 1 0 0
1 0 1 0 1 1 5
1 0 1 1 0 0 18
1 0 1 1 0 1 6
1 0 1 1 1 0 17
1 0 1 1 1 1 0
1 1 0 0 0 0 20
1 1 0 0 0 1 7
1 1 0 0 1 0 5
1 1 0 0 1 1 1
1 1 0 1 0 0 3
1 1 0 1 0 1 19
1 1 0 1 1 0 2
1 1 0 1 1 1 7
1 1 1 0 0 0 8
1 1 1 0 0 1 4
1 1 1 0 1 0 4
1 1 1 0 1 1 12
1 1 1 1 0 0 19
1 1 1 1 0 1 5
1 1 1 1 1 0 7
1 1 1 1 1 1 8
6 3 4 8 14 27 28 0 64
0 0 0 0 0 0 17
0 0 0 0 0 1 17
0 0 0 0 1 0 2
0 0 0 0 1 1 18
0 0 0 1 0 0 9
0 0 0 1 0 1 17
0 0 0 1 1 0 16
0 0 0 1 1 1 20
0 0 1 0 0 0 5
0 0 1 0 0 1 17
0 0 1 0 1 0 8
0 0 1 0 1 1 14
0 0 1 1 0 0 14
0 0 1 1 0 1 5
0 0 1 1 1 0 12
0 0 1 1 1 1 14
0 1 0 0 0 0 0
0 1 0 0 0 1 15
0 1 0 0 1 0 19
0 1 0 0 1 1 1
0 1 0 1 0 0 15
0 1 0 1 0 1 17
0 1 0 1 1 0 13
0 1 0 1 1 1 7
0 1 1 0 0 0 14
0 1 1 0 0 1 10
0 1 1 0 1 0 14
0 1 1 0 1 1 5
0 1 1 1 0 0 2
0 1 1 1 0 1 6
0 1 1 1 1 0 10
0 1 1 1 1 1 17
1 0 0 0 0 0 0
1 0 0 0 0 1 0
1 0 0 0 1 0 14
1 0 0 0 1 1 15
1 0 0 1 0 0 19
1 0 0 1 0 1 6
1 0 0 1 1 0 1
1 0 0 1 1 1 4
1 0 1 0 0 0 16
1 0 1 0 0 1 11
1 0 1 0 1 0 17
1 0 1 0 1 1 12
1 0 1 1 0 0 3
1 0 1 1 0 1 17
1 0 1 1 1 0 19
1 0 1 1 1 1 10
1 1 0 0 0 0 12
1 1 0 0 0 1 11
1 1 0 0 1 0 8
1 1 0 0 1 1 14
1 1 0 1 0 0 15
1 1 0 1 0 1 9
1 1 0 1 1 0 7
1 1 0 1 1 1 20
1 1 1 0 0 0 16
1 1 1 0 0 1 10
1 1 1 0 1 0 4
1 1 1 0 1 1 19
1 1 1 1 0 0 5
1 1 1 1 0 1 5
1 1 1 1 1 0 2
1 1 1 1 1 1 9
1 5 0 2
0 14
1 9
2 19 6 0 4
0 0 11
0 1 13
1 0 9
1 1 12
3 24 14 22 0 8
0 0 0 5
0 0 1 15
0 1 0 11
0 1 1 16
1 0 0 11
1 0 1 19
1 1 0 6
1 1 1 11
4 24 26 2 4 0 16
0 0 0 0 14
0 0 0 1 8
0 0 1 0 2
0 0 1 1 4
0 1 0 0 19
0 1 0 1 5
0 1 1 0 20
0 1 1 1 9
1 0 0 0 19
1 0 0 1 11
1 0 1 0 8
1 0 1 1 3
1 1 0 0 18
1 1 0 1 19
1 1 1 0 9
1 1 1 1 14
6 6 9 15 19 26 28 0 64
0 0 0 0 0 0 15
0 0 0 0 0 1 8
0 0 0 0 1 0 2
0 0 0 0 1 1 3
0 0 0 1 0 0 16
0 0 0 1 0 1 10
0 0 0 1 1 0 8
0 0 0 1 1 1 10
0 0 1 0 0 0 10
0 0 1 0 0 1 17
0 0 1 0 1 0 1
0 0 1 0 1 1 7
0 0 1 1 0 0 8
0 0 1 1 0 1 17
0 0 1 1 1 0 0
0 0 1 1 1 1 6
0 1 0 0 0 0 0
0 1 0 0 0 1 17
0 1 0 0 1 0 0
0 1 0 0 1 1 5
0 1 0 1 0 0 8
0 1 0 1 0 1 19
0 1 0 1 1 0 5
0 1 0 1 1 1 5
0 1 1 0 0 0 20
0 1 1 0 0 1 17
0 1 1 0 1 0 5
0 1 1 0 1 1 9
0 1 1 1 0 0 20
0 1 1 1 0 1 19
0 1 1 1 1 0 8
0 1 1 1 1 1 6
1 0 0 0 0 0 4
1 0 0 0 0 1 15
1 0 0 0 1 0 0
1 0 0 0 1 1 19
1 0 0 1 0 0 10
1 0 0 1 0 1 3
1 0 0 1 1 0 18
1 0 0 1 1 1 16
1 0 1 0 0 0 4
1 0 1 0 0 1 16
1 0 1 0 1 0 18
1 0 1 0 1 1 11
1 0 1 1 0 0 12
1 0 1 1 0 1 18
1 0 1 1 1 0 9
1 0 1 1 1 1 13
1 1 0 0 0 0 0
1 1 0 0 0 1 12
1 1 0 0 1 0 13
1 1 0 0 1 1 12
1 1 0 1 0 0 12
1 1 0 1 0 1 18
1 1 0 1 1 0 10
1 1 0 1 1 1 17
1 1 1 0 0 0 14
1 1 1 0 0 1 8
1 1 1 0 1 0 3
1 1 1 0 1 1 6
1 1 1 1 0 0 0
1 1 1 1 0 1 6
1 1 1 1 1 0 18
1 1 1 1 1 1 3
1 25 0 2
0 5
1 20
3 17 20 15 0 8
0 0 0 0
0 0 1 3
0 1 0 4
0 1 1 17
1 0 0 11
1 0 1 10
1 1 0 16
1 1 1 2
4 3 29 11 13 0 16
0 0 0 0 19
0 0 0 1 15
0 0 1 0 10
0 0 1 1 10
0 1 0 0 12
0 1 0 1 5
0 1 1 0 19
0 1 1 1 11
1 0 0 0 19
1 0 0 1 7
1 0 1 0 2
1 0 1 1 9
1 1 0 0 9
1 1 0 1 15
1 1 1 0 18
1 1 1 1 1
5 1 11 12 17 29 0 32
0 0 0 0 0 13
0 0 0 0 1 20
0 0 0 1 0 16
0 0 0 1 1 11
0 0 1 0 0 8
0 0 1 0 1 13
0 0 1 1 0 17
0 0 1 1 1 0
0 1 0 0 0 15
0 1 0 0 1 12
0 1 0 1 0 5
0 1 0 1 1 17
0 1 1 0 0 6
0 1 1 0 1 10
0 1 1 1 0 0
0 1 1 1 1 9
1 0 0 0 0 10
1 0 0 0 1 6
1 0 0 1 0 14
1 0 0 1 1 17
1 0 1 0 0 17
1 0 1 0 1 13
1 0 1 1 0 7
1 0 1 1 1 4
1 1 0 0 0 5
1 1 0 0 1 13
1 1 0 1 0 6
1 1 0 1 1 20
1 1 1 0 0 15
1 1 1 0 1 12
1 1 1 1 0 14
1 1 1 1 1 12
5 3 11 21 23 25 0 32
0 0 0 0 0 19
0 0 0 0 1 15
0 0 0 1 0 20
0 0 0 1 1 10
0 0 1 0 0 17
0 0 1 0 1 5
0 0 1 1 0 4
0 0 1 1 1 3
0 1 0 0 0 14
0 1 0 0 1 10
0 1 0 1 0 19
0 1 0 1 1 12
0 1 1 0 0 6
0 1 1 0 1 20
0 1 1 1 0 9
0 1 1 1 1 9
1 0 0 0 0 16
1 0 0 0 1 9
1 0 0 1 0 18
1 0 0 1 1 20
1 0 1 0 0 20
1 0 1 0 1 18
1 0 1 1 0 2
1 0 1 1 1 13
1 1 0 0 0 13
1 1 0 0 1 19
1 1 0 1 0 11
1 1 0 1 1 4
1 1 1 0 0 5
1 1 1 0 1 3
1 1 1 1 0 20
1 1 1 1 1 6
1 15 0 2
0 9
1 3
5 8 12 17 20 25 0 32
0 0 0 0 0 6
0 0 0 0 1 17
0 0 0 1 0 3
0 0 0 1 1 16
0 0 1 0 0 16
0 0 1 0 1 7
0 0 1 1 0 12
0 0 1 1 1 8
0 1 0 0 0 13
0 1 0 0 1 4
0 1 0 1 0 7
0 1 0 1 1 17
0 1 1 0 0 8
0 1 1 0 1 20
0 1 1 1 0 2
0 1 1 1 1 7
1 0 0 0 0 19
1 0 0 0 1 14
1 0 0 1 0 15
1 0 0 1 1 16
1 0 1 0 0 18
1 0 1 0 1 5
1 0 1 1 0 10
1 0 1 1 1 16
1 1 0 0 0 13
1 1 0 0 1 7
1 1 0 1 0 13
1 1 0 1 1 13
1 1 1 0 0 19
1 1 1 0 1 0
1 1 1 1 0 4
1 1 1 1 1 14
3 3 27 14 0 8
0 0 0 13
0 0 1 1
0 1 0 8
0 1 1 6
1 0 0 2
1 0 1 10
1 1 0 8
1 1 1 18
6 4 13 15 20 23 25 0 64
0 0 0 0 0 0 4
0 0 0 0 0 1 13
0 0 0 0 1 0 9
0 0 0 0 1 1 14
0 0 0 1 0 0 12
0 0 0 1 0 1 0
0 0 0 1 1 0 8
0 0 0 1 1 1 4
0 0 1 0 0 0 13
0 0 1 0 0 1 7
0 0 1 0 1 0 14
0 0 1 0 1 1 3
0 0 1 1 0 0 19
0 0 1 1 0 1 1
0 0 1 1 1 0 13
0 0 1 1 1 1 13
0 1 0 0 0 0 19
0 1 0 0 0 1 16
0 1 0 0 1 0 8
0 1 0 0 1 1 6
0 1 0 1 0 0 18
0 1 0 1 0 1 11
0 1 0 1 1 0 0
0 1 0 1 1 1 8
0 1 1 0 0 0 11
0 1 1 0 0 1 16
0 1 1 0 1 0 16
0 1 1 0 1 1 0
0 1 1 1 0 0 6
0 1 1 1 0 1 17
0 1 1 1 1 0 6
0 1 1 1 1 1 15
1 0 0 0 0 0 1
1 0 0 0 0 1 18
1 0 0 0 1 0 10
1 0 0 0 1 1 14
1 0 0 1 0 0 17
1 0 0 1 0 1 2
1 0 0 1 1 0 9
1 0 0 1 1 1 0
1 0 1 0 0 0 5
1 0 1 0 0 1 11
1 0 1 0 1 0 18
1 0 1 0 1 1 5
1 0 1 1 0 0 17
1 0 1 1 0 1 8
1 0 1 1 1 0 12
1 0 1 1 1 1 1
1 1 0 0 0 0 19
1 1 0 0 0 1 18
1 1 0 0 1 0 19
1 1 0 0 1 1 6
1 1 0 1 0 0 9
1 1 0 1 0 1 3
1 1 0 1 1 0 10
1 1 0 1 1 1 18
1 1 1 0 0 0 0
1 1 1 0 0 1 3
1 1 1 0 1 0 8
1 1 1 0 1 1 18
1 1 1 1 0 0 20
1 1 1 1 0 1 0
1 1 1 1 1 0 2
1 1 1 1 1 1 7
1 2 0 2
0 17
1 5
4 16 26 12 23 0 16
0 0 0 0 12
0 0 0 1 5
0 0 1 0 14
0 0 1 1 16
0 1 0 0 19
0 1 0 1 12
0 1 1 0 12
0 1 1 1 17
1 0 0 0 5
1 0 0 1 6
1 0 1 0 15
1 0 1 1 16
1 1 0 0 0
1 1 0 1 18
1 1 1 0 16
1 1 1 1 1
5 7 10 11 12 14 0 32
0 0 0 0 0 11
0 0 0 0 1 5
0 0 0 1 0 19
0 0 0 1 1 15
0 0 1 0 0 9
0 0 1 0 1 20
0 0 1 1 0 8
0 0 1 1 1 8
0 1 0 0 0 20
0 1 0 0 1 14
0 1 0 1 0 18
0 1 0 1 1 15
0 1 1 0 0 1
0 1 1 0 1 7
0 1 1 1 0 9
0 1 1 1 1 8
1 0 0 0 0 16
1 0 0 0 1 7
1 0 0 1 0 4
1 0 0 1 1 20
1 0 1 0 0 4
1 0 1 0 1 9
1 0 1 1 0 7
1 0 1 1 1 0
1 1 0 0 0 17
1 1 0 0 1 1
1 1 0 1 0 10
1 1 0 1 1 4
1 1 1 0 0 0
1 1 1 0 1 19
1 1 1 1 0 19
1 1 1 1 1 14
2 29 7 0 4
0 0 17
0 1 10
1 0 10
1 1 13
5 11 17 22 23 29 0 32
0 0 0 0 0 18
0 0 0 0 1 0
0 0 0 1 0 0
0 0 0 1 1 11
0 0 1 0 0 3
0 0 1 0 1 11
0 0 1 1 0 17
0 0 1 1 1 1
0 1 0 0 0 5
0 1 0 0 1 16
0 1 0 1 0 19
0 1 0 1 1 16
0 1 1 0 0 8
0 1 1 0 1 9
0 1 1 1 0 11
0 1 1 1 1 8
1 0 0 0 0 14
1 0 0 0 1 9
1 0 0 1 0 14
1 0 0 1 1 19
1 0 1 0 0 20
1 0 1 0 1 10
1 0 1 1 0 15
1 0 1 1 1 10
1 1 0 0 0 1
1 1 0 0 1 13
1 1 0 1 0 9
1 1 0 1 1 17
1 1 1 0 0 5
1 1 1 0 1 7
1 1 1 1 0 12
1 1 1 1 1 9
6 0 2 5 13 20 24 0 64
0 0 0 0 0 0 16
0 0 0 0 0 1 4
0 0 0 0 1 0 20
0 0 0 0 1 1 9
0 0 0 1 0 0 14
0 0 0 1 0 1 13
0 0 0 1 1 0 13
0 0 0 1 1 1 5
0 0 1 0 0 0 14
0 0 1 0 0 1 5
0 0 1 0 1 0 11
0 0 1 0 1 1 20
0 0 1 1 0 0 10
0 0 1 1 0 1 9
0 0 1 1 1 0 20
0 0 1 1 1 1 1
0 1 0 0 0 0 9
0 1 0 0 0 1 3
0 1 0 0 1 0 19
0 1 0 0 1 1 16
0 1 0 1 0 0 2
0 1 0 1 0 1 20
0 1 0 1 1 0 4
0 1 0 1 1 1 10
0 1 1 0 0 0 10
0 1 1 0 0 1 10
0 1 1 0 1 0 14
0 1 1 0 1 1 20
0 1 1 1 0 0 9
0 1 1 1 0 1 18
0 1 1 1 1 0 3
0 1 1 1 1 1 2
1 0 0 0 0 0 5
1 0 0 0 0 1 14
1 0 0 0 1 0 1
1 0 0 0 1 1 16
1 0 0 1 0 0 12
1 0 0 1 0 1 11
1 0 0 1 1 0 17
1 0 0 1 1 1 10
1 0 1 0 0 0 15
1 0 1 0 0 1 11
1 0 1 0 1 0 6
1 0 1 0 1 1 3
1 0 1 1 0 0 1
1 0 1 1 0 1 3
1 0 1 1 1 0 14
1 0 1 1 1 1 15
1 1 0 0 0 0 3
1 1 0 0 0 1 12
1 1 0 0 1 0 14
1 1 0 0 1 1 8
1 1 0 1 0 0 4
1 1 0 1 0 1 6
1 1 0 1 1 0 3
1 1 0 1 1 1 14
1 1 1 0 0 0 16
1 1 1 0 0 1 7
1 1 1 0 1 0 1
1 1 1 0 1 1 5
1 1 1 1 0 0 5
1 1 1 1 0 1 9
1 1 1 1 1 0 19
1 1 1 1 1 1 18
6 2 5 6 17 21 24 0 64
0 0 0 0 0 0 19
0 0 0 0 0 1 7
0 0 0 0 1 0 19
0 0 0 0 1 1 2
0 0 0 1 0 0 13
0 0 0 1 0 1 17
0 0 0 1 1 0 8
0 0 0 1 1 1 11
0 0 1 0 0 0 8
0 0 1 0 0 1 3
0 0 1 0 1 0 11
0 0 1 0 1 1 13
0 0 1 1 0 0 20
0 0 1 1 0 1 11
0 0 1 1 1 0 8
0 0 1 1 1 1 4
0 1 0 0 0 0 11
0 1 0 0 0 1 16
0 1 0 0 1 0 19
0 1 0 0 1 1 3
0 1 0 1 0 0 15
0 1 0 1 0 1 9
0 1 0 1 1 0 0
0 1 0 1 1 1 19
0 1 1 0 0 0 9
0 1 1 0 0 1 1
0 1 1 0 1 0 8
0 1 1 0 1 1 10
0 1 1 1 0 0 17
0 1 1 1 0 1 1
0 1 1 1 1 0 6
0 1 1 1 1 1 12
1 0 0 0 0 0 13
1 0 0 0 0 1 14
1 0 0 0 1 0 8
1 0 0 0 1 1 10
1 0 0 1 0 0 18
1 0 0 1 0 1 19
1 0 0 1 1 0 3
1 0 0 1 1 1 3
1 0 1 0 0 0 0
1 0 1 0 0 1 9
1 0 1 0 1 0 6
1 0 1 0 1 1 8
1 0 1 1 0 0 20
1 0 1 1 0 1 7
1 0 1 1 1 0 19
1 0 1 1 1 1 11
1 1 0 0 0 0 11
1 1 0 0 0 1 2
1 1 0 0 1 0 6
1 1 0 0 1 1 2
1 1 0 1 0 0 12
1 1 0 1 0 1 7
1 1 0 1 1 0 9
1 1 0 1 1 1 3
1 1 1 0 0 0 15
1 1 1 0 0 1 6
1 1 1 0 1 0 18
1 1 1 0 1 1 5
1 1 1 1 0 0 15
1 1 1 1 0 1 5
1 1 1 1 1 0 1
1 1 1 1 1 1 18
3 16 9 24 0 8
0 0 0 9
0 0 1 15
0 1 0 8
0 1 1 17
1 0 0 1
1 0 1 5
1 1 0 15
1 1 1 13
6 4 17 19 20 21 23 0 64
0 0 0 0 0 0 19
0 0 0 0 0 1 7
0 0 0 0 1 0 6
0 0 0 0 1 1 16
0 0 0 1 0 0 8
0 0 0 1 0 1 6
0 0 0 1 1 0 4
0 0 0 1 1 1 20
0 0 1 0 0 0 6
0 0 1 0 0 1 3
0 0 1 0 1 0 11
0 0 1 0 1 1 6
0 0 1 1 0 0 3
0 0 1 1 0 1 2
0 0 1 1 1 0 12
0 0 1 1 1 1 12
0 1 0 0 0 0 1
0 1 0 0 0 1 7
0 1 0 0 1 0 18
0 1 0 0 1 1 16
0 1 0 1 0 0 4
0 1 0 1 0 1 7
0 1 0 1 1 0 6
0 1 0 1 1 1 6
0 1 1 0 0 0 20
0 1 1 0 0 1 8
0 1 1 0 1 0 10
0 1 1 0 1 1 6
0 1 1 1 0 0 13
0 1 1 1 0 1 4
0 1 1 1 1 0 3
0 1 1 1 1 1 20
1 0 0 0 0 0 1
1 0 0 0 0 1 17
1 0 0 0 1 0 4
1 0 0 0 1 1 16
1 0 0 1 0 0 1
1 0 0 1 0 1 5
1 0 0 1 1 0 3
1 0 0 1 1 1 12
1 0 1 0 0 0 19
1 0 1 0 0 1 4
1 0 1 0 1 0 4
1 0 1 0 1 1 4
1 0 1 1 0 0 13
1 0 1 1 0 1 16
1 0 1 1 1 0 0
1 0 1 1 1 1 13
1 1 0 0 0 0 20
1 1 0 0 0 1 12
1 1 0 0 1 0 20
1 1 0 0 1 1 3
1 1 0 1 0 0 2
1 1 0 1 0 1 0
1 1 0 1 1 0 15
1 1 0 1 1 1 8
1 1 1 0 0 0 7
1 1 1 0 0 1 6
1 1 1 0 1 0 2
1 1 1 0 1 1 20
1 1 1 1 0 0 4
1 1 1 1 0 1 18
1 1 1 1 1 0 4
1 1 1 1 1 1 20
2 11 6 0 4
0 0 14
0 1 5
1 0 3
1 1 8
3 26 11 13 0 8
0 0 0 12
0 0 1 7
0 1 0 6
0 1 1 1
1 0 0 5
1 0 1 12
1 1 0 12
1 1 1 13
6 1 16 21 23 24 28 0 64
0 0 0 0 0 0 18
0 0 0 0 0 1 5
0 0 0 0 1 0 20
0 0 0 0 1 1 18
0 0 0 1 0 0 5
0 0 0 1 0 1 15
0 0 0 1 1 0 17
0 0 0 1 1 1 0
0 0 1 0 0 0 14
0 0 1 0 0 1 14
0 0 1 0 1 0 11
0 0 1 0 1 1 8
0 0 1 1 0 0 19
0 0 1 1 0 1 16
0 0 1 1 1 0 19
0 0 1 1 1 1 1
0 1 0 0 0 0 7
0 1 0 0 0 1 17
0 1 0 0 1 0 11
0 1 0 0 1 1 1
0 1 0 1 0 0 8
0 1 0 1 0 1 19
0 1 0 1 1 0 19
0 1 0 1 1 1 11
0 1 1 0 0 0 11
0 1 1 0 0 1 2
0 1 1 0 1 0 15
0 1 1 0 1 1 4
0 1 1 1 0 0 18
0 1 1 1 0 1 4
0 1 1 1 1 0 15
0 1 1 1 1 1 17
1 0 0 0 0 0 20
1 0 0 0 0 1 6
1 0 0 0 1 0 1
1 0 0 0 1 1 16
1 0 0 1 0 0 19
1 0 0 1 0 1 7
1 0 0 1 1 0 12
1 0 0 1 1 1 13
1 0 1 0 0 0 8
1 0 1 0 0 1 15
1 0 1 0 1 0 6
1 0 1 0 1 1 19
1 0 1 1 0 0 8
1 0 1 1 0 1 14
1 0 1 1 1 0 11
1 0 1 1 1 1 17
1 1 0 0 0 0 7
1 1 0 0 0 1 4
1 1 0 0 1 0 16
1 1 0 0 1 1 0
1 1 0 1 0 0 0
1 1 0 1 0 1 13
1 1 0 1 1 0 18
1 1 0 1 1 1 15
1 1 1 0 0 0 10
1 1 1 0 0 1 7
1 1 1 0 1 0 7
1 1 1 0 1 1 8
1 1 1 1 0 0 1
1 1 1 1 0 1 3
1 1 1 1 1 0 9
1 1 1 1 1 1 12
3 16 12 14 0 8
0 0 0 18
0 0 1 19
0 1 0 1
0 1 1 2
1 0 0 0
1 0 1 16
1 1 0 1
1 1 1 7
6 7 11 15 18 20 28 0 64
0 0 0 0 0 0 6
0 0 0 0 0 1 18
0 0 0 0 1 0 20
0 0 0 0 1 1 8
0 0 0 1 0 0 2
0 0 0 1 0 1 4
0 0 0 1 1 0 8
0 0 0 1 1 1 19
0 0 1 0 0 0 5
0 0 1 0 0 1 10
0 0 1 0 1 0 2
0 0 1 0 1 1 5
0 0 1 1 0 0 14
0 0 1 1 0 1 10
0 0 1 1 1 0 6
0 0 1 1 1 1 10
0 1 0 0 0 0 1
0 1 0 0 0 1 19
0 1 0 0 1 0 11
0 1 0 0 1 1 19
0 1 0 1 0 0 15
0 1 0 1 0 1 8
0 1 0 1 1 0 8
0 1 0 1 1 1 19
0 1 1 0 0 0 9
0 1 1 0 0 1 18
0 1 1 0 1 0 19
0 1 1 0 1 1 9
0 1 1 1 0 0 4
0 1 1 1 0 1 12
0 1 1 1 1 0 9
0 1 1 1 1 1 9
1 0 0 0 0 0 19
1 0 0 0 0 1 6
1 0 0 0 1 0 2
1 0 0 0 1 1 15
1 0 0 1 0 0 18
1 0 0 1 0 1 2
1 0 0 1 1 0 20
1 0 0 1 1 1 13
1 0 1 0 0 0 11
1 0 1 0 0 1 3
1 0 1 0 1 0 2
1 0 1 0 1 1 1
1 0 1 1 0 0 12
1 0 1 1 0 1 9
1 0 1 1 1 0 17
1 0 1 1 1 1 15
1 1 0 0 0 0 3
1 1 0 0 0 1 0
1 1 0 0 1 0 20
1 1 0 0 1 1 6
1 1 0 1 0 0 2
1 1 0 1 0 1 0
1 1 0 1 1 0 16
1 1 0 1 1 1 11
1 1 1 0 0 0 16
1 1 1 0 0 1 6
1 1 1 0 1 0 11
1 1 1 0 1 1 12
1 1 1 1 0 0 14
1 1 1 1 0 1 8
1 1 1 1 1 0 6
1 1 1 1 1 1 8
1 20 0 2
0 17
1 8
1 6 0 2
0 18
1 20
5 0 13 17 25 28 0 32
0 0 0 0 0 6
0 0 0 0 1 5
0 0 0 1 0 20
0 0 0 1 1 8
0 0 1 0 0 13
0 0 1 0 1 3
0 0 1 1 0 1
0 0 1 1 1 7
0 1 0 0 0 15
0 1 0 0 1 13
0 1 0 1 0 4
0 1 0 1 1 13
0 1 1 0 0 7
0 1 1 0 1 12
0 1 1 1 0 6
0 1 1 1 1 6
1 0 0 0 0 11
1 0 0 0 1 8
1 0 0 1 0 11
1 0 0 1 1 9
1 0 1 0 0 14
1 0 1 0 1 20
1 0 1 1 0 3
1 0 1 1 1 6
1 1 0 0 0 14
1 1 0 0 1 5
1 1 0 1 0 18
1 1 0 1 1 14
1 1 1 0 0 1
1 1 1 0 1 20
1 1 1 1 0 6
1 1 1 1 1 5
5 6 13 15 17 29 0 32
0 0 0 0 0 17
0 0 0 0 1 2
0 0 0 1 0 16
0 0 0 1 1 19
0 0 1 0 0 9
0 0 1 0 1 13
0 0 1 1 0 18
0 0 1 1 1 13
0 1 0 0 0 11
0 1 0 0 1 16
0 1 0 1 0 18
0 1 0 1 1 20
0 1 1 0 0 18
0 1 1 0 1 20
0 1 1 1 0 16
0 1 1 1 1 9
1 0 0 0 0 1
1 0 0 0 1 7
1 0 0 1 0 5
1 0 0 1 1 1
1 0 1 0 0 12
1 0 1 0 1 1
1 0 1 1 0 6
1 0 1 1 1 19
1 1 0 0 0 11
1 1 0 0 1 3
1 1 0 1 0 3
1 1 0 1 1 17
1 1 1 0 0 19
1 1 1 0 1 17
1 1 1 1 0 12
1 1 1 1 1 7
2 13 21 0 4
0 0 2
0 1 15
1 0 20
1 1 10
1 22 0 2
0 12
1 4
5 5 7 17 25 27 0 32
0 0 0 0 0 14
0 0 0 0 1 12
0 0 0 1 0 11
0 0 0 1 1 12
0 0 1 0 0 1
0 0 1 0 1 7
0 0 1 1 0 6
0 0 1 1 1 19
0 1 0 0 0 9
0 1 0 0 1 19
0 1 0 1 0 12
0 1 0 1 1 13
0 1 1 0 0 16
0 1 1 0 1 8
0 1 1 1 0 3
0 1 1 1 1 12
1 0 0 0 0 12
1 0 0 0 1 5
1 0 0 1 0 10
1 0 0 1 1 16
1 0 1 0 0 7
1 0 1 0 1 1
1 0 1 1 0 10
1 0 1 1 1 0
1 1 0 0 0 11
1 1 0 0 1 14
1 1 0 1 0 4
1 1 0 1 1 17
1 1 1 0 0 15
1 1 1 0 1 0
1 1 1 1 0 17
1 1 1 1 1 6
3 8 24 19 0 8
0 0 0 14
0 0 1 11
0 1 0 20
0 1 1 2
1 0 0 7
1 0 1 7
1 1 0 13
1 1 1 6
6 3 11 15 17 20 22 0 64
0 0 0 0 0 0 8
0 0 0 0 0 1 15
0 0 0 0 1 0 9
0 0 0 0 1 1 7
0 0 0 1 0 0 1
0 0 0 1 0 1 13
0 0 0 1 1 0 2
0 0 0 1 1 1 17
0 0 1 0 0 0 11
0 0 1 0 0 1 17
0 0 1 0 1 0 17
0 0 1 0 1 1 5
0 0 1 1 0 0 14
0 0 1 1 0 1 8
0 0 1 1 1 0 13
0 0 1 1 1 1 13
0 1 0 0 0 0 4
0 1 0 0 0 1 19
0 1 0 0 1 0 20
0 1 0 0 1 1 8
0 1 0 1 0 0 16
0 1 0 1 0 1 1
0 1 0 1 1 0 11
0 1 0 1 1 1 14
0 1 1 0 0 0 19
0 1 1 0 0 1 17
0 1 1 0 1 0 7
0 1 1 0 1 1 10
0 1 1 1 0 0 18
0 1 1 1 0 1 5
0 1 1 1 1 0 6
0 1 1 1 1 1 10
1 0 0 0 0 0 2
1 0 0 0 0 1 12
1 0 0 0 1 0 0
1 0 0 0 1 1 10
1 0 0 1 0 0 7
1 0 0 1 0 1 3
1 0 0 1 1 0 3
1 0 0 1 1 1 4
1 0 1 0 0 0 12
1 0 1 0 0 1 4
1 0 1 0 1 0 19
1 0 1 0 1 1 8
1 0 1 1 0 0 14
1 0 1 1 0 1 7
1 0 1 1 1 0 11
1 0 1 1 1 1 13
1 1 0 0 0 0 19
1 1 0 0 0 1 19
1 1 0 0 1 0 11
1 1 0 0 1 1 8
1 1 0 1 0 0 8
1 1 0 1 0 1 10
1 1 0 1 1 0 2
1 1 0 1 1 1 18
1 1 1 0 0 0 1
1 1 1 0 0 1 4
1 1 1 0 1 0 2
1 1 1 0 1 1 5
1 1 1 1 0 0 8
1 1 1 1 0 1 17
1 1 1 1 1 0 11
1 1 1 1 1 1 11
2 18 14 0 4
0 0 4
0 1 14
1 0 9
1 1 12
6 4 11 15 17 25 29 0 64
0 0 0 0 0 0 12
0 0 0 0 0 1 12
0 0 0 0 1 0 3
0 0 0 0 1 1 8
0 0 0 1 0 0 11
0 0 0 1 0 1 12
0 0 0 1 1 0 4
0 0 0 1 1 1 2
0 0 1 0 0 0 9
0 0 1 0 0 1 12
0 0 1 0 1 0 1
0 0 1 0 1 1 15
0 0 1 1 0 0 3
0 0 1 1 0 1 3
0 0 1 1 1 0 2
0 0 1 1 1 1 9
0 1 0 0 0 0 2
0 1 0 0 0 1 2
0 1 0 0 1 0 10
0 1 0 0 1 1 14
0 1 0 1 0 0 9
0 1 0 1 0 1 12
0 1 0 1 1 0 19
0 1 0 1 1 1 0
0 1 1 0 0 0 10
0 1 1 0 0 1 0
0 1 1 0 1 0 7
0 1 1 0 1 1 3
0 1 1 1 0 0 0
0 1 1 1 0 1 18
0 1 1 1 1 0 20
0 1 1 1 1 1 9
1 0 0 0 0 0 13
1 0 0 0 0 1 20
1 0 0 0 1 0 15
1 0 0 0 1 1 18
1 0 0 1 0 0 8
1 0 0 1 0 1 10
1 0 0 1 1 0 5
1 0 0 1 1 1 9
1 0 1 0 0 0 14
1 0 1 0 0 1 8
1 0 1 0 1 0 8
1 0 1 0 1 1 7
1 0 1 1 0 0 6
1 0 1 1 0 1 10
1 0 1 1 1 0 4
1 0 1 1 1 1 20
1 1 0 0 0 0 7
1 1 0 0 0 1 3
1 1 0 0 1 0 20
1 1 0 0 1 1 6
1 1 0 1 0 0 15
1 1 0 1 0 1 2
1 1 0 1 1 0 14
1 1 0 1 1 1 5
1 1 1 0 0 0 9
1 1 1 0 0 1 20
1 1 1 0 1 0 9
1 1 1 0 1 1 14
1 1 1 1 0 0 20
1 1 1 1 0 1 17
1 1 1 1 1 0 3
1 1 1 1 1 1 19
2 8 26 0 4
0 0 19
0 1 18
1 0 5
1 1 6
5 1 11 18 23 26 0 32
0 0 0 0 0 10
0 0 0 0 1 16
0 0 0 1 0 19
0 0 0 1 1 10
0 0 1 0 0 20
0 0 1 0 1 9
0 0 1 1 0 1
0 0 1 1 1 2
0 1 0 0 0 1
0 1 0 0 1 5
0 1 0 1 0 3
0 1 0 1 1 1
0 1 1 0 0 9
0 1 1 0 1 0
0 1 1 1 0 1
0 1 1 1 1 9
1 0 0 0 0 2
1 0 0 0 1 20
1 0 0 1 0 14
1 0 0 1 1 4
1 0 1 0 0 12
1 0 1 0 1 5
1 0 1 1 0 4
1 0 1 1 1 2
1 1 0 0 0 10
1 1 0 0 1 20
1 1 0 1 0 19
1 1 0 1 1 3
1 1 1 0 0 2
1 1 1 0 1 0
1 1 1 1 0 1
1 1 1 1 1 13
3 2 28 7 0 8
0 0 0 1
0 0 1 11
0 1 0 10
0 1 1 11
1 0 0 8
1 0 1 8
1 1 0 13
1 1 1 4
3 26 3 15 0 8
0 0 0 7
0 0 1 8
0 1 0 1
0 1 1 6
1 0 0 17
1 0 1 5
1 1 0 10
1 1 1 14
6 0 5 6 8 9 16 0 64
0 0 0 0 0 0 9
0 0 0 0 0 1 8
0 0 0 0 1 0 11
0 0 0 0 1 1 13
0 0 0 1 0 0 1
0 0 0 1 0 1 17
0 0 0 1 1 0 8
0 0 0 1 1 1 4
0 0 1 0 0 0 13
0 0 1 0 0 1 20
0 0 1 0 1 0 3
0 0 1 0 1 1 20
0 0 1 1 0 0 2
0 0 1 1 0 1 14
0 0 1 1 1 0 4
0 0 1 1 1 1 4
0 1 0 0 0 0 8
0 1 0 0 0 1 20
0 1 0 0 1 0 9
0 1 0 0 1 1 8
0 1 0 1 0 0 6
0 1 0 1 0 1 3
0 1 0 1 1 0 9
0 1 0 1 1 1 5
0 1 1 0 0 0 0
0 1 1 0 0 1 5
0 1 1 0 1 0 7
0 1 1 0 1 1 12
0 1 1 1 0 0 8
0 1 1 1 0 1 6
0 1 1 1 1 0 4
0 1 1 1 1 1 11
1 0 0 0 0 0 0
1 0 0 0 0 1 4
1 0 0 0 1 0 16
1 0 0 0 1 1 11
1 0 0 1 0 0 11
1 0 0 1 0 1 8
1 0 0 1 1 0 5
1 0 0 1 1 1 3
1 0 1 0 0 0 14
1 0 1 0 0 1 15
1 0 1 0 1 0 20
1 0 1 0 1 1 13
1 0 1 1 0 0 14
1 0 1 1 0 1 12
1 0 1 1 1 0 6
1 0 1 1 1 1 11
1 1 0 0 0 0 8
1 1 0 0 0 1 1
1 1 0 0 1 0 16
1 1 0 0 1 1 2
1 1 0 1 0 0 13
1 1 0 1 0 1 10
1 1 0 1 1 0 12
1 1 0 1 1 1 19
1 1 1 0 0 0 12
1 1 1 0 0 1 19
1 1 1 0 1 0 0
1 1 1 0 1 1 14
1 1 1 1 0 0 5
1 1 1 1 0 1 12
1 1 1 1 1 0 7
1 1 1 1 1 1 2
5 3 9 15 16 29 0 32
0 0 0 0 0 1
0 0 0 0 1 11
0 0 0 1 0 20
0 0 0 1 1 9
0 0 1 0 0 11
0 0 1 0 1 10
0 0 1 1 0 10
0 0 1 1 1 5
0 1 0 0 0 19
0 1 0 0 1 12
0 1 0 1 0 7
0 1 0 1 1 19
0 1 1 0 0 11
0 1 1 0 1 6
0 1 1 1 0 14
0 1 1 1 1 7
1 0 0 0 0 9
1 0 0 0 1 2
1 0 0 1 0 15
1 0 0 1 1 10
1 0 1 0 0 10
1 0 1 0 1 12
1 0 1 1 0 6
1 0 1 1 1 2
1 1 0 0 0 16
1 1 0 0 1 3
1 1 0 1 0 11
1 1 0 1 1 20
1 1 1 0 0 14
1 1 1 0 1 15
1 1 1 1 0 15
1 1 1 1 1 7
1 10 0 2
0 10
1 5
6 0 10 14 16 24 28 0 64
0 0 0 0 0 0 20
0 0 0 0 0 1 10
0 0 0 0 1 0 6
0 0 0 0 1 1 20
0 0 0 1 0 0 11
0 0 0 1 0 1 14
0 0 0 1 1 0 13
0 0 0 1 1 1 12
0 0 1 0 0 0 20
0 0 1 0 0 1 5
0 0 1 0 1 0 20
0 0 1 0 1 1 11
0 0 1 1 0 0 0
0 0 1 1 0 1 1
0 0 1 1 1 0 12
0 0 1 1 1 1 14
0 1 0 0 0 0 2
0 1 0 0 0 1 15
0 1 0 0 1 0 20
0 1 0 0 1 1 5
0 1 0 1 0 0 9
0 1 0 1 0 1 13
0 1 0 1 1 0 15
0 1 0 1 1 1 1
0 1 1 0 0 0 0
0 1 1 0 0 1 11
0 1 1 0 1 0 0
0 1 1 0 1 1 4
0 1 1 1 0 0 3
0 1 1 1 0 1 12
0 1 1 1 1 0 5
0 1 1 1 1 1 8
1 0 0 0 0 0 3
1 0 0 0 0 1 20
1 0 0 0 1 0 11
1 0 0 0 1 1 5
1 0 0 1 0 0 1
1 0 0 1 0 1 2
1 0 0 1 1 0 6
1 0 0 1 1 1 20
1 0 1 0 0 0 2
1 0 1 0 0 1 9
1 0 1 0 1 0 6
1 0 1 0 1 1 18
1 0 1 1 0 0 3
1 0 1 1 0 1 8
1 0 1 1 1 0 1
1 0 1 1 1 1 0
1 1 0 0 0 0 6
1 1 0 0 0 1 13
1 1 0 0 1 0 19
1 1 0 0 1 1 16
1 1 0 1 0 0 5
1 1 0 1 0 1 1
1 1 0 1 1 0 2
1 1 0 1 1 1 12
1 1 1 0 0 0 14
1 1 1 0 0 1 12
1 1 1 0 1 0 1
1 1 1 0 1 1 17
1 1 1 1 0 0 15
1 1 1 1 0 1 1
1 1 1 1 1 0 6
1 1 1 1 1 1 8
2 10 22 0 4
0 0 0
0 1 10
1 0 9
1 1 6
2 27 14 0 4
0 0 8
0 1 18
1 0 6
1 1 19
2 10 13 0 4
0 0 15
0 1 6
1 0 9
1 1 5
3 16 1 14 0 8
0 0 0 0
0 0 1 19
0 1 0 13
0 1 1 3
1 0 0 5
1 0 1 20
1 1 0 14
1 1 1 6
3 24 10 28 0 8
0 0 0 13
0 0 1 5
0 1 0 5
0 1 1 9
1 0 0 15
1 0 1 13
1 1 0 5
1 1 1 14
4 25 11 5 17 0 16
0 0 0 0 20
0 0 0 1 5
0 0 1 0 2
0 0 1 1 5
0 1 0 0 12
0 1 0 1 9
0 1 1 0 4
0 1 1 1 16
1 0 0 0 4
1 0 0 1 12
1 0 1 0 17
1 0 1 1 15
1 1 0 0 8
1 1 0 1 7
1 1 1 0 10
1 1 1 1 15
6 0 8 9 10 18 20 0 64
0 0 0 0 0 0 17
0 0 0 0 0 1 3
0 0 0 0 1 0 7
0 0 0 0 1 1 7
0 0 0 1 0 0 2
0 0 0 1 0 1 2
0 0 0 1 1 0 12
0 0 0 1 1 1 0
0 0 1 0 0 0 5
0 0 1 0 0 1 4
0 0 1 0 1 0 16
0 0 1 0 1 1 15
0 0 1 1 0 0 14
0 0 1 1 0 1 16
0 0 1 1 1 0 8
0 0 1 1 1 1 8
0 1 0 0 0 0 7
0 1 0 0 0 1 15
0 1 0 0 1 0 10
0 1 0 0 1 1 12
0 1 0 1 0 0 4
0 1 0 1 0 1 19
0 1 0 1 1 0 2
0 1 0 1 1 1 15
0 1 1 0 0 0 17
0 1 1 0 0 1 7
0 1 1 0 1 0 20
0 1 1 0 1 1 8
0 1 1 1 0 0 17
0 1 1 1 0 1 6
0 1 1 1 1 0 14
0 1 1 1 1 1 13
1 0 0 0 0 0 3
1 0 0 0 0 1 7
1 0 0 0 1 0 17
1 0 0 0 1 1 4
1 0 0 1 0 0 8
1 0 0 1 0 1 0
1 0 0 1 1 0 11
1 0 0 1 1 1 19
1 0 1 0 0 0 11
1 0 1 0 0 1 9
1 0 1 0 1 0 7
1 0 1 0 1 1 8
1 0 1 1 0 0 17
1 0 1 1 0 1 4
1 0 1 1 1 0 13
1 0 1 1 1 1 14
1 1 0 0 0 0 7
1 1 0 0 0 1 4
1 1 0 0 1 0 9
1 1 0 0 1 1 0
1 1 0 1 0 0 10
1 1 0 1 0 1 8
1 1 0 1 1 0 12
1 1 0 1 1 1 20
1 1 1 0 0 0 6
1 1 1 0 0 1 11
1 1 1 0 1 0 8
1 1 1 0 1 1 5
1 1 1 1 0 0 8
1 1 1 1 0 1 8
1 1 1 1 1 0 12
1 1 1 1 1 1 3
2 2 12 0 4
0 0 11
0 1 12
1 0 13
1 1 2
4 9 10 13 23 0 16
0 0 0 0 10
0 0 0 1 7
0 0 1 0 6
0 0 1 1 9
0 1 0 0 10
0 1 0 1 5
0 1 1 0 11
0 1 1 1 13
1 0 0 0 9
1 0 0 1 10
1 0 1 0 0
1 0 1 1 10
1 1 0 0 15
1 1 0 1 4
1 1 1 0 11
1 1 1 1 5
1 19 0 2
0 12
1 0
2 9 2 0 4
0 0 17
0 1 15
1 0 0
1 1 4
2 17 12 0 4
0 0 8
0 1 11
1 0 7
1 1 1
2 18 29 0 4
0 0 8
0 1 18
1 0 4
1 1 9
5 1 16 20 22 28 0 32
0 0 0 0 0 7
0 0 0 0 1 10
0 0 0 1 0 17
0 0 0 1 1 10
0 0 1 0 0 3
0 0 1 0 1 8
0 0 1 1 0 18
0 0 1 1 1 16
0 1 0 0 0 19
0 1 0 0 1 7
0 1 0 1 0 9
0 1 0 1 1 12
0 1 1 0 0 20
0 1 1 0 1 19
0 1 1 1 0 0
0 1 1 1 1 19
1 0 0 0 0 10
1 0 0 0 1 9
1 0 0 1 0 15
1 0 0 1 1 15
1 0 1 0 0 13
1 0 1 0 1 11
1 0 1 1 0 4
1 0 1 1 1 0
1 1 0 0 0 14
1 1 0 0 1 8
1 1 0 1 0 15
1 1 0 1 1 3
1 1 1 0 0 14
1 1 1 0 1 5
1 1 1 1 0 15
1 1 1 1 1 2
1 4 0 2
0 5
1 2
2 25 22 0 4
0 0 15
0 1 3
1 0 14
1 1 9
5 18 22 26 28 29 0 32
0 0 0 0 0 1
0 0 0 0 1 9
0 0 0 1 0 5
0 0 0 1 1 3
0 0 1 0 0 0
0 0 1 0 1 0
0 0 1 1 0 2
0 0 1 1 1 2
0 1 0 0 0 8
0 1 0 0 1 19
0 1 0 1 0 17
0 1 0 1 1 15
0 1 1 0 0 4
0 1 1 0 1 18
0 1 1 1 0 18
0 1 1 1 1 2
1 0 0 0 0 7
1 0 0 0 1 16
1 0 0 1 0 7
1 0 0 1 1 11
1 0 1 0 0 7
1 0 1 0 1 0
1 0 1 1 0 2
1 0 1 1 1 4
1 1 0 0 0 16
1 1 0 0 1 7
1 1 0 1 0 12
1 1 0 1 1 2
1 1 1 0 0 3
1 1 1 0 1 17
1 1 1 1 0 10
1 1 1 1 1 9
1 28 0 2
0 12
1 3
6 0 1 5 13 15 22 0 64
0 0 0 0 0 0 1
0 0 0 0 0 1 20
0 0 0 0 1 0 0
0 0 0 0 1 1 11
0 0 0 1 0 0 2
0 0 0 1 0 1 9
0 0 0 1 1 0 16
0 0 0 1 1 1 7
0 0 1 0 0 0 11
0 0 1 0 0 1 7
0 0 1 0 1 0 7
0 0 1 0 1 1 10
0 0 1 1 0 0 16
0 0 1 1 0 1 17
0 0 1 1 1 0 3
0 0 1 1 1 1 19
0 1 0 0 0 0 14
0 1 0 0 0 1 5
0 1 0 0 1 0 16
0 1 0 0 1 1 8
0 1 0 1 0 0 11
0 1 0 1 0 1 6
0 1 0 1 1 0 10
0 1 0 1 1 1 0
0 1 1 0 0 0 1
0 1 1 0 0 1 12
0 1 1 0 1 0 11
0 1 1 0 1 1 11
0 1 1 1 0 0 19
0 1 1 1 0 1 1
0 1 1 1 1 0 9
0 1 1 1 1 1 16
1 0 0 0 0 0 10
1 0 0 0 0 1 12
1 0 0 0 1 0 3
1 0 0 0 1 1 6
1 0 0 1 0 0 19
1 0 0 1 0 1 5
1 0 0 1 1 0 7
1 0 0 1 1 1 6
1 0 1 0 0 0 1
1 0 1 0 0 1 6
1 0 1 0 1 0 2
1 0 1 0 1 1 20
1 0 1 1 0 0 11
1 0 1 1 0 1 13
1 0 1 1 1 0 19
1 0 1 1 1 1 5
1 1 0 0 0 0 20
1 1 0 0 0 1 17
1 1 0 0 1 0 12
1 1 0 0 1 1 0
1 1 0 1 0 0 4
1 1 0 1 0 1 20
1 1 0 1 1 0 12
1 1 0 1 1 1 0
1 1 1 0 0 0 13
1 1 1 0 0 1 16
1 1 1 0 1 0 15
1 1 1 0 1 1 7
1 1 1 1 0 0 18
1 1 1 1 0 1 1
1 1 1 1 1 0 4
1 1 1 1 1 1 10
5 2 10 13 15 22 0 32
0 0 0 0 0 12
0 0 0 0 1 16
0 0 0 1 0 8
0 0 0 1 1 3
0 0 1 0 0 20
0 0 1 0 1 13
0 0 1 1 0 1
0 0 1 1 1 2
0 1 0 0 0 6
0 1 0 0 1 3
0 1 0 1 0 3
0 1 0 1 1 2
0 1 1 0 0 17
0 1 1 0 1 14
0 1 1 1 0 8
0 1 1 1 1 1
1 0 0 0 0 15
1 0 0 0 1 7
1 0 0 1 0 0
1 0 0 1 1 5
1 0 1 0 0 16
1 0 1 0 1 16
1 0 1 1 0 4
1 0 1 1 1 11
1 1 0 0 0 2
1 1 0 0 1 19
1 1 0 1 0 18
1 1 0 1 1 15
1 1 1 0 0 13
1 1 1 0 1 6
1 1 1 1 0 18
1 1 1 1 1 13
3 16 17 10 0 8
0 0 0 6
0 0 1 10
0 1 0 5
0 1 1 14
1 0 0 8
1 0 1 1
1 1 0 11
1 1 1 5
6 16 18 19 20 27 28 0 64
0 0 0 0 0 0 14
0 0 0 0 0 1 8
0 0 0 0 1 0 20
0 0 0 0 1 1 8
0 0 0 1 0 0 12
0 0 0 1 0 1 20
0 0 0 1 1 0 4
0 0 0 1 1 1 9
0 0 1 0 0 0 8
0 0 1 0 0 1 8
0 0 1 0 1 0 4
0 0 1 0 1 1 17
0 0 1 1 0 0 2
0 0 1 1 0 1 16
0 0 1 1 1 0 0
0 0 1 1 1 1 2
0 1 0 0 0 0 18
0 1 0 0 0 1 14
0 1 0 0 1 0 2
0 1 0 0 1 1 11
0 1 0 1 0 0 1
0 1 0 1 0 1 8
0 1 0 1 1 0 19
0 1 0 1 1 1 8
0 1 1 0 0 0 11
0 1 1 0 0 1 0
0 1 1 0 1 0 18
0 1 1 0 1 1 9
0 1 1 1 0 0 13
0 1 1 1 0 1 20
0 1 1 1 1 0 4
0 1 1 1 1 1 20
1 0 0 0 0 0 2
1 0 0 0 0 1 20
1 0 0 0 1 0 16
1 0 0 0 1 1 20
1 0 0 1 0 0 20
1 0 0 1 0 1 2
1 0 0 1 1 0 20
1 0 0 1 1 1 8
1 0 1 0 0 0 6
1 0 1 0 0 1 10
1 0 1 0 1 0 3
1 0 1 0 1 1 6
1 0 1 1 0 0 4
1 0 1 1 0 1 7
1 0 1 1 1 0 2
1 0 1 1 1 1 7
1 1 0 0 0 0 5
1 1 0 0 0 1 18
1 1 0 0 1 0 17
1 1 0 0 1 1 18
1 1 0 1 0 0 9
1 1 0 1 0 1 5
1 1 0 1 1 0 11
1 1 0 1 1 1 7
1 1 1 0 0 0 16
1 1 1 0 0 1 2
1 1 1 0 1 0 9
1 1 1 0 1 1 11
1 1 1 1 0 0 8
1 1 1 1 0 1 0
1 1 1 1 1 0 4
1 1 1 1 1 1 9
6 2 7 13 14 16 27 0 64
0 0 0 0 0 0 16
0 0 0 0 0 1 14
0 0 0 0 1 0 0
0 0 0 0 1 1 1
0 0 0 1 0 0 16
0 0 0 1 0 1 7
0 0 0 1 1 0 0
0 0 0 1 1 1 9
0 0 1 0 0 0 15
0 0 1 0 0 1 6
0 0 1 0 1 0 8
0 0 1 0 1 1 16
0 0 1 1 0 0 6
0 0 1 1 0 1 20
0 0 1 1 1 0 20
0 0 1 1 1 1 14
0 1 0 0 0 0 11
0 1 0 0 0 1 18
0 1 0 0 1 0 9
0 1 0 0 1 1 0
0 1 0 1 0 0 19
0 1 0 1 0 1 11
0 1 0 1 1 0 15
0 1 0 1 1 1 0
0 1 1 0 0 0 7
0 1 1 0 0 1 9
0 1 1 0 1 0 5
0 1 1 0 1 1 5
0 1 1 1 0 0 14
0 1 1 1 0 1 4
0 1 1 1 1 0 20
0 1 1 1 1 1 1
1 0 0 0 0 0 4
1 0 0 0 0 1 0
1 0 0 0 1 0 13
1 0 0 0 1 1 7
1 0 0 1 0 0 1
1 0 0 1 0 1 20
1 0 0 1 1 0 7
1 0 0 1 1 1 4
1 0 1 0 0 0 20
1 0 1 0 0 1 0
1 0 1 0 1 0 4
1 0 1 0 1 1 20
1 0 1 1 0 0 0
1 0 1 1 0 1 7
1 0 1 1 1 0 9
1 0 1 1 1 1 19
1 1 0 0 0 0 7
1 1 0 0 0 1 12
1 1 0 0 1 0 6
1 1 0 0 1 1 2
1 1 0 1 0 0 17
1 1 0 1 0 1 6
1 1 0 1 1 0 2
1 1 0 1 1 1 8
1 1 1 0 0 0 15
1 1 1 0 0 1 1
1 1 1 0 1 0 9
1 1 1 0 1 1 2
1 1 1 1 0 0 13
1 1 1 1 0 1 0
1 1 1 1 1 0 4
1 1 1 1 1 1 14
1 16 0 2
0 16
1 16
6 3 8 9 11 18 25 0 64
0 0 0 0 0 0 20
0 0 0 0 0 1 20
0 0 0 0 1 0 7
0 0 0 0 1 1 16
0 0 0 1 0 0 17
0 0 0 1 0 1 15
0 0 0 1 1 0 19
0 0 0 1 1 1 0
0 0 1 0 0 0 5
0 0 1 0 0 1 14
0 0 1 0 1 0 12
0 0 1 0 1 1 7
0 0 1 1 0 0 4
0 0 1 1 0 1 18
0 0 1 1 1 0 19
0 0 1 1 1 1 2
0 1 0 0 0 0 3
0 1 0 0 0 1 16
0 1 0 0 1 0 15
0 1 0 0 1 1 12
0 1 0 1 0 0 16
0 1 0 1 0 1 18
0 1 0 1 1 0 2
0 1 0 1 1 1 4
0 1 1 0 0 0 2
0 1 1 0 0 1 13
0 1 1 0 1 0 6
0 1 1 0 1 1 0
0 1 1 1 0 0 16
0 1 1 1 0 1 9
0 1 1 1 1 0 0
0 1 1 1 1 1 13
1 0 0 0 0 0 13
1 0 0 0 0 1 5
1 0 0 0 1 0 3
1 0 0 0 1 1 3
1 0 0 1 0 0 7
1 0 0 1 0 1 18
1 0 0 1 1 0 7
1 0 0 1 1 1 14
1 0 1 0 0 0 0
1 0 1 0 0 1 10
1 0 1 0 1 0 5
1 0 1 0 1 1 5
1 0 1 1 0 0 13
1 0 1 1 0 1 0
1 0 1 1 1 0 11
1 0 1 1 1 1 4
1 1 0 0 0 0 19
1 1 0 0 0 1 6
1 1 0 0 1 0 6
1 1 0 0 1 1 11
1 1 0 1 0 0 14
1 1 0 1 0 1 11
1 1 0 1 1 0 2
1 1 0 1 1 1 13
1 1 1 0 0 0 11
1 1 1 0 0 1 6
1 1 1 0 1 0 18
1 1 1 0 1 1 8
1 1 1 1 0 0 9
1 1 1 1 0 1 14
1 1 1 1 1 0 2
1 1 1 1 1 1 6
2 26 7 0 4
0 0 11
0 1 14
1 0 11
1 1 19
1 11 0 2
0 20
1 17
5 1 6 16 17 20 0 32
0 0 0 0 0 17
0 0 0 0 1 8
0 0 0 1 0 7
0 0 0 1 1 11
0 0 1 0 0 16
0 0 1 0 1 13
0 0 1 1 0 19
0 0 1 1 1 12
0 1 0 0 0 19
0 1 0 0 1 2
0 1 0 1 0 1
0 1 0 1 1 11
0 1 1 0 0 19
0 1 1 0 1 7
0 1 1 1 0 8
0 1 1 1 1 20
1 0 0 0 0 0
1 0 0 0 1 0
1 0 0 1 0 2
1 0 0 1 1 20
1 0 1 0 0 10
1 0 1 0 1 8
1 0 1 1 0 19
1 0 1 1 1 6
1 1 0 0 0 11
1 1 0 0 1 15
1 1 0 1 0 7
1 1 0 1 1 6
1 1 1 0 0 13
1 1 1 0 1 5
1 1 1 1 0 20
1 1 1 1 1 10
3 26 4 23 0 8
0 0 0 5
0 0 1 5
0 1 0 5
0 1 1 10
1 0 0 8
1 0 1 20
1 1 0 20
1 1 1 11
6 0 5 11 12 22 26 0 64
0 0 0 0 0 0 7
0 0 0 0 0 1 9
0 0 0 0 1 0 10
0 0 0 0 1 1 2
0 0 0 1 0 0 17
0 0 0 1 0 1 16
0 0 0 1 1 0 12
0 0 0 1 1 1 12
0 0 1 0 0 0 11
0 0 1 0 0 1 7
0 0 1 0 1 0 0
0 0 1 0 1 1 13
0 0 1 1 0 0 6
0 0 1 1 0 1 16
0 0 1 1 1 0 10
0 0 1 1 1 1 0
0 1 0 0 0 0 3
0 1 0 0 0 1 15
0 1 0 0 1 0 12
0 1 0 0 1 1 13
0 1 0 1 0 0 3
0 1 0 1 0 1 9
0 1 0 1 1 0 10
0 1 0 1 1 1 18
0 1 1 0 0 0 8
0 1 1 0 0 1 1
0 1 1 0 1 0 1
0 1 1 0 1 1 8
0 1 1 1 0 0 19
0 1 1 1 0 1 17
0 1 1 1 1 0 13
0 1 1 1 1 1 5
1 0 0 0 0 0 15
1 0 0 0 0 1 0
1 0 0 0 1 0 5
1 0 0 0 1 1 16
1 0 0 1 0 0 3
1 0 0 1 0 1 6
1 0 0 1 1 0 3
1 0 0 1 1 1 0
1 0 1 0 0 0 20
1 0 1 0 0 1 2
1 0 1 0 1 0 19
1 0 1 0 1 1 9
1 0 1 1 0 0 11
1 0 1 1 0 1 9
1 0 1 1 1 0 14
1 0 1 1 1 1 0
1 1 0 0 0 0 5
1 1 0 0 0 1 15
1 1 0 0 1 0 2
1 1 0 0 1 1 6
1 1 0 1 0 0 15
1 1 0 1 0 1 15
1 1 0 1 1 0 15
1 1 0 1 1 1 14
1 1 1 0 0 0 7
1 1 1 0 0 1 13
1 1 1 0 1 0 18
1 1 1 0 1 1 18
1 1 1 1 0 0 7
1 1 1 1 0 1 10
1 1 1 1 1 0 20
1 1 1 1 1 1 6
3 2 19 14 0 8
0 0 0 8
0 0 1 13
0 1 0 2
0 1 1 12
1 0 0 14
1 0 1 18
1 1 0 20
1 1 1 15
1 12 0 2
0 12
1 14
2 10 5 0 4
0 0 6
0 1 3
1 0 0
1 1 8
3 27 26 3 0 8
0 0 0 7
0 0 1 13
0 1 0 1
0 1 1 8
1 0 0 10
1 0 1 12
1 1 0 0
1 1 1 16
3 8 24 5 0 8
0 0 0 9
0 0 1 14
0 1 0 20
0 1 1 2
1 0 0 14
1 0 1 4
1 1 0 15
1 1 1 19
2 24 10 0 4
0 0 14
0 1 9
1 0 13
1 1 2
4 11 9 3 25 0 16
0 0 0 0 2
0 0 0 1 1
0 0 1 0 4
0 0 1 1 13
0 1 0 0 12
0 1 0 1 15
0 1 1 0 20
0 1 1 1 9
1 0 0 0 15
1 0 0 1 18
1 0 1 0 18
1 0 1 1 3
1 1 0 0 0
1 1 0 1 10
1 1 1 0 19
1 1 1 1 4
6 5 10 11 18 23 24 0 64
0 0 0 0 0 0 15
0 0 0 0 0 1 6
0 0 0 0 1 0 15
0 0 0 0 1 1 18
0 0 0 1 0 0 1
0 0 0 1 0 1 9
0 0 0 1 1 0 9
0 0 0 1 1 1 3
0 0 1 0 0 0 4
0 0 1 0 0 1 7
0 0 1 0 1 0 18
0 0 1 0 1 1 4
0 0 1 1 0 0 2
0 0 1 1 0 1 5
0 0 1 1 1 0 1
0 0 1 1 1 1 19
0 1 0 0 0 0 2
0 1 0 0 0 1 11
0 1 0 0 1 0 9
0 1 0 0 1 1 20
0 1 0 1 0 0 5
0 1 0 1 0 1 9
0 1 0 1 1 0 14
0 1 0 1 1 1 12
0 1 1 0 0 0 12
0 1 1 0 0 1 3
0 1 1 0 1 0 17
0 1 1 0 1 1 16
0 1 1 1 0 0 3
0 1 1 1 0 1 12
0 1 1 1 1 0 0
0 1 1 1 1 1 16
1 0 0 0 0 0 7
1 0 0 0 0 1 5
1 0 0 0 1 0 3
1 0 0 0 1 1 5
1 0 0 1 0 0 8
1 0 0 1 0 1 15
1 0 0 1 1 0 16
1 0 0 1 1 1 3
1 0 1 0 0 0 3
1 0 1 0 0 1 20
1 0 1 0 1 0 14
1 0 1 0 1 1 11
1 0 1 1 0 0 3
1 0 1 1 0 1 18
1 0 1 1 1 0 4
1 0 1 1 1 1 15
1 1 0 0 0 0 2
1 1 0 0 0 1 19
1 1 0 0 1 0 3
1 1 0 0 1 1 6
1 1 0 1 0 0 20
1 1 0 1 0 1 15
1 1 0 1 1 0 15
1 1 0 1 1 1 17
1 1 1 0 0 0 7
1 1 1 0 0 1 1
1 1 1 0 1 0 13
1 1 1 0 1 1 3
1 1 1 1 0 0 11
1 1 1 1 0 1 19
1 1 1 1 1 0 12
1 1 1 1 1 1 3
5 5 10 16 18 19 0 32
0 0 0 0 0 0
0 0 0 0 1 16
0 0 0 1 0 16
0 0 0 1 1 3
0 0 1 0 0 12
0 0 1 0 1 7
0 0 1 1 0 5
0 0 1 1 1 8
0 1 0 0 0 6
0 1 0 0 1 20
0 1 0 1 0 12
0 1 0 1 1 17
0 1 1 0 0 11
0 1 1 0 1 20
0 1 1 1 0 9
0 1 1 1 1 0
1 0 0 0 0 20
1 0 0 0 1 6
1 0 0 1 0 5
1 0 0 1 1 11
1 0 1 0 0 2
1 0 1 0 1 0
1 0 1 1 0 11
1 0 1 1 1 2
1 1 0 0 0 1
1 1 0 0 1 10
1 1 0 1 0 10
1 1 0 1 1 6
1 1 1 0 0 1
1 1 1 0 1 17
1 1 1 1 0 13
1 1 1 1 1 6
