unknown 16 2 57 99999
1 2 2 2 2 2 1 1 1 1 1 2 1 2 2 2
2 2 2 2 2 2 2 2 2 2 2 2 2 2 2 2 
1 1 0 2
0 4
1 2
1 13 0 2
0 2
1 15
5 1 6 10 11 12 0 32
0 0 0 0 0 18
0 0 0 0 1 9
0 0 0 1 0 16
0 0 0 1 1 0
0 0 1 0 0 17
0 0 1 0 1 15
0 0 1 1 0 16
0 0 1 1 1 6
0 1 0 0 0 2
0 1 0 0 1 5
0 1 0 1 0 3
0 1 0 1 1 4
0 1 1 0 0 7
0 1 1 0 1 16
0 1 1 1 0 5
0 1 1 1 1 1
1 0 0 0 0 20
1 0 0 0 1 12
1 0 0 1 0 4
1 0 0 1 1 16
1 0 1 0 0 9
1 0 1 0 1 8
1 0 1 1 0 14
1 0 1 1 1 19
1 1 0 0 0 4
1 1 0 0 1 14
1 1 0 1 0 19
1 1 0 1 1 20
1 1 1 0 0 9
1 1 1 0 1 12
1 1 1 1 0 11
1 1 1 1 1 9
3 1 11 6 0 8
0 0 0 17
0 0 1 6
0 1 0 12
0 1 1 14
1 0 0 7
1 0 1 2
1 1 0 13
1 1 1 2
2 8 10 0 4
0 0 14
0 1 20
1 0 18
1 1 0
3 9 2 3 0 8
0 0 0 17
0 0 1 13
0 1 0 14
0 1 1 14
1 0 0 10
1 0 1 18
1 1 0 16
1 1 1 17
5 0 7 10 14 15 0 32
0 0 0 0 0 3
0 0 0 0 1 17
0 0 0 1 0 17
0 0 0 1 1 19
0 0 1 0 0 18
0 0 1 0 1 8
0 0 1 1 0 3
0 0 1 1 1 2
0 1 0 0 0 6
0 1 0 0 1 4
0 1 0 1 0 15
0 1 0 1 1 8
0 1 1 0 0 16
0 1 1 0 1 6
0 1 1 1 0 19
0 1 1 1 1 20
1 0 0 0 0 16
1 0 0 0 1 5
1 0 0 1 0 16
1 0 0 1 1 15
1 0 1 0 0 5
1 0 1 0 1 4
1 0 1 1 0 7
1 0 1 1 1 7
1 1 0 0 0 13
1 1 0 0 1 20
1 1 0 1 0 12
1 1 0 1 1 9
1 1 1 0 0 15
1 1 1 0 1 13
1 1 1 1 0 6
1 1 1 1 1 15
5 1 2 3 8 13 0 32
0 0 0 0 0 15
0 0 0 0 1 16
0 0 0 1 0 6
0 0 0 1 1 0
0 0 1 0 0 8
0 0 1 0 1 20
0 0 1 1 0 9
0 0 1 1 1 14
0 1 0 0 0 0
0 1 0 0 1 1
0 1 0 1 0 12
0 1 0 1 1 10
0 1 1 0 0 12
0 1 1 0 1 18
0 1 1 1 0 7
0 1 1 1 1 18
1 0 0 0 0 9
1 0 0 0 1 20
1 0 0 1 0 16
1 0 0 1 1 2
1 0 1 0 0 17
1 0 1 0 1 14
1 0 1 1 0 19
1 0 1 1 1 14
1 1 0 0 0 3
1 1 0 0 1 10
1 1 0 1 0 14
1 1 0 1 1 8
1 1 1 0 0 2
1 1 1 0 1 3
1 1 1 1 0 13
1 1 1 1 1 3
2 11 15 0 4
0 0 14
0 1 1
1 0 9
1 1 16
3 4 5 6 0 8
0 0 0 20
0 0 1 3
0 1 0 7
0 1 1 5
1 0 0 17
1 0 1 5
1 1 0 11
1 1 1 16
6 2 3 4 9 11 13 0 64
0 0 0 0 0 0 8
0 0 0 0 0 1 1
0 0 0 0 1 0 2
0 0 0 0 1 1 5
0 0 0 1 0 0 17
0 0 0 1 0 1 11
0 0 0 1 1 0 17
0 0 0 1 1 1 2
0 0 1 0 0 0 2
0 0 1 0 0 1 9
0 0 1 0 1 0 20
0 0 1 0 1 1 18
0 0 1 1 0 0 3
0 0 1 1 0 1 4
0 0 1 1 1 0 3
0 0 1 1 1 1 12
0 1 0 0 0 0 0
0 1 0 0 0 1 10
0 1 0 0 1 0 0
0 1 0 0 1 1 17
0 1 0 1 0 0 7
0 1 0 1 0 1 2
0 1 0 1 1 0 8
0 1 0 1 1 1 7
0 1 1 0 0 0 0
0 1 1 0 0 1 10
0 1 1 0 1 0 9
0 1 1 0 1 1 11
0 1 1 1 0 0 8
0 1 1 1 0 1 11
0 1 1 1 1 0 15
0 1 1 1 1 1 15
1 0 0 0 0 0 12
1 0 0 0 0 1 5
1 0 0 0 1 0 16
1 0 0 0 1 1 5
1 0 0 1 0 0 20
1 0 0 1 0 1 17
1 0 0 1 1 0 14
1 0 0 1 1 1 14
1 0 1 0 0 0 20
1 0 1 0 0 1 16
1 0 1 0 1 0 14
1 0 1 0 1 1 10
1 0 1 1 0 0 8
1 0 1 1 0 1 18
1 0 1 1 1 0 3
1 0 1 1 1 1 1
1 1 0 0 0 0 8
1 1 0 0 0 1 1
1 1 0 0 1 0 16
1 1 0 0 1 1 10
1 1 0 1 0 0 1
1 1 0 1 0 1 13
1 1 0 1 1 0 16
1 1 0 1 1 1 11
1 1 1 0 0 0 17
1 1 1 0 0 1 17
1 1 1 0 1 0 9
1 1 1 0 1 1 3
1 1 1 1 0 0 16
1 1 1 1 0 1 7
1 1 1 1 1 0 2
1 1 1 1 1 1 12
2 13 6 0 4
0 0 19
0 1 3
1 0 5
1 1 4
4 1 2 6 7 0 16
0 0 0 0 1
0 0 0 1 14
0 0 1 0 15
0 0 1 1 11
0 1 0 0 0
0 1 0 1 16
0 1 1 0 19
0 1 1 1 9
1 0 0 0 8
1 0 0 1 7
1 0 1 0 8
1 0 1 1 15
1 1 0 0 2
1 1 0 1 18
1 1 1 0 14
1 1 1 1 4
2 4 6 0 4
0 0 15
0 1 11
1 0 12
1 1 4
5 0 4 7 12 15 0 32
0 0 0 0 0 15
0 0 0 0 1 10
0 0 0 1 0 16
0 0 0 1 1 17
0 0 1 0 0 0
0 0 1 0 1 14
0 0 1 1 0 1
0 0 1 1 1 13
0 1 0 0 0 12
0 1 0 0 1 7
0 1 0 1 0 2
0 1 0 1 1 17
0 1 1 0 0 9
0 1 1 0 1 18
0 1 1 1 0 5
0 1 1 1 1 5
1 0 0 0 0 1
1 0 0 0 1 9
1 0 0 1 0 12
1 0 0 1 1 8
1 0 1 0 0 8
1 0 1 0 1 14
1 0 1 1 0 4
1 0 1 1 1 19
1 1 0 0 0 11
1 1 0 0 1 10
1 1 0 1 0 11
1 1 0 1 1 3
1 1 1 0 0 6
1 1 1 0 1 17
1 1 1 1 0 17
1 1 1 1 1 17
2 10 12 0 4
0 0 1
0 1 19
1 0 6
1 1 20
5 1 4 7 9 15 0 32
0 0 0 0 0 0
0 0 0 0 1 6
0 0 0 1 0 11
0 0 0 1 1 16
0 0 1 0 0 19
0 0 1 0 1 10
0 0 1 1 0 5
0 0 1 1 1 10
0 1 0 0 0 12
0 1 0 0 1 7
0 1 0 1 0 0
0 1 0 1 1 15
0 1 1 0 0 13
0 1 1 0 1 19
0 1 1 1 0 5
0 1 1 1 1 7
1 0 0 0 0 2
1 0 0 0 1 10
1 0 0 1 0 3
1 0 0 1 1 1
1 0 1 0 0 4
1 0 1 0 1 11
1 0 1 1 0 20
1 0 1 1 1 15
1 1 0 0 0 9
1 1 0 0 1 15
1 1 0 1 0 5
1 1 0 1 1 15
1 1 1 0 0 0
1 1 1 0 1 14
1 1 1 1 0 18
1 1 1 1 1 3
6 6 8 10 11 12 14 0 64
0 0 0 0 0 0 8
0 0 0 0 0 1 3
0 0 0 0 1 0 12
0 0 0 0 1 1 0
0 0 0 1 0 0 0
0 0 0 1 0 1 19
0 0 0 1 1 0 18
0 0 0 1 1 1 14
0 0 1 0 0 0 17
0 0 1 0 0 1 20
0 0 1 0 1 0 7
0 0 1 0 1 1 2
0 0 1 1 0 0 15
0 0 1 1 0 1 19
0 0 1 1 1 0 4
0 0 1 1 1 1 15
0 1 0 0 0 0 20
0 1 0 0 0 1 13
0 1 0 0 1 0 8
0 1 0 0 1 1 11
0 1 0 1 0 0 6
0 1 0 1 0 1 16
0 1 0 1 1 0 19
0 1 0 1 1 1 17
0 1 1 0 0 0 3
0 1 1 0 0 1 9
0 1 1 0 1 0 4
0 1 1 0 1 1 5
0 1 1 1 0 0 2
0 1 1 1 0 1 2
0 1 1 1 1 0 4
0 1 1 1 1 1 19
1 0 0 0 0 0 4
1 0 0 0 0 1 18
1 0 0 0 1 0 15
1 0 0 0 1 1 12
1 0 0 1 0 0 12
1 0 0 1 0 1 11
1 0 0 1 1 0 2
1 0 0 1 1 1 7
1 0 1 0 0 0 6
1 0 1 0 0 1 2
1 0 1 0 1 0 1
1 0 1 0 1 1 13
1 0 1 1 0 0 0
1 0 1 1 0 1 9
1 0 1 1 1 0 7
1 0 1 1 1 1 10
1 1 0 0 0 0 4
1 1 0 0 0 1 16
1 1 0 0 1 0 0
1 1 0 0 1 1 17
1 1 0 1 0 0 13
1 1 0 1 0 1 3
1 1 0 1 1 0 0
1 1 0 1 1 1 8
1 1 1 0 0 0 18
1 1 1 0 0 1 14
1 1 1 0 1 0 1
1 1 1 0 1 1 2
1 1 1 1 0 0 13
1 1 1 1 0 1 14
1 1 1 1 1 0 7
1 1 1 1 1 1 7
4 8 13 5 7 0 16
0 0 0 0 19
0 0 0 1 14
0 0 1 0 5
0 0 1 1 4
0 1 0 0 16
0 1 0 1 10
0 1 1 0 11
0 1 1 1 20
1 0 0 0 4
1 0 0 1 9
1 0 1 0 7
1 0 1 1 12
1 1 0 0 12
1 1 0 1 6
1 1 1 0 7
1 1 1 1 5
3 9 10 11 0 8
0 0 0 8
0 0 1 5
0 1 0 19
0 1 1 11
1 0 0 4
1 0 1 16
1 1 0 12
1 1 1 13
1 15 0 2
0 11
1 3
3 3 12 14 0 8
0 0 0 7
0 0 1 0
0 1 0 6
0 1 1 7
1 0 0 19
1 0 1 6
1 1 0 7
1 1 1 6
1 2 0 2
0 6
1 3
2 9 13 0 4
0 0 4
0 1 15
1 0 5
1 1 14
4 1 10 3 7 0 16
0 0 0 0 2
0 0 0 1 12
0 0 1 0 10
0 0 1 1 16
0 1 0 0 16
0 1 0 1 0
0 1 1 0 8
0 1 1 1 2
1 0 0 0 10
1 0 0 1 20
1 0 1 0 20
1 0 1 1 8
1 1 0 0 20
1 1 0 1 10
1 1 1 0 15
1 1 1 1 6
3 10 11 13 0 8
0 0 0 13
0 0 1 9
0 1 0 15
0 1 1 9
1 0 0 11
1 0 1 19
1 1 0 2
1 1 1 6
4 0 10 5 6 0 16
0 0 0 0 7
0 0 0 1 2
0 0 1 0 10
0 0 1 1 13
0 1 0 0 15
0 1 0 1 11
0 1 1 0 8
0 1 1 1 19
1 0 0 0 10
1 0 0 1 12
1 0 1 0 14
1 0 1 1 17
1 1 0 0 17
1 1 0 1 12
1 1 1 0 16
1 1 1 1 0
3 8 4 5 0 8
0 0 0 7
0 0 1 16
0 1 0 19
0 1 1 14
1 0 0 6
1 0 1 0
1 1 0 17
1 1 1 8
6 0 6 7 8 10 14 0 64
0 0 0 0 0 0 18
0 0 0 0 0 1 19
0 0 0 0 1 0 14
0 0 0 0 1 1 10
0 0 0 1 0 0 9
0 0 0 1 0 1 2
0 0 0 1 1 0 6
0 0 0 1 1 1 6
0 0 1 0 0 0 18
0 0 1 0 0 1 3
0 0 1 0 1 0 17
0 0 1 0 1 1 1
0 0 1 1 0 0 7
0 0 1 1 0 1 15
0 0 1 1 1 0 3
0 0 1 1 1 1 18
0 1 0 0 0 0 3
0 1 0 0 0 1 3
0 1 0 0 1 0 7
0 1 0 0 1 1 2
0 1 0 1 0 0 5
0 1 0 1 0 1 7
0 1 0 1 1 0 17
0 1 0 1 1 1 1
0 1 1 0 0 0 9
0 1 1 0 0 1 15
0 1 1 0 1 0 10
0 1 1 0 1 1 5
0 1 1 1 0 0 16
0 1 1 1 0 1 14
0 1 1 1 1 0 18
0 1 1 1 1 1 17
1 0 0 0 0 0 6
1 0 0 0 0 1 9
1 0 0 0 1 0 6
1 0 0 0 1 1 10
1 0 0 1 0 0 3
1 0 0 1 0 1 17
1 0 0 1 1 0 18
1 0 0 1 1 1 9
1 0 1 0 0 0 18
1 0 1 0 0 1 13
1 0 1 0 1 0 0
1 0 1 0 1 1 1
1 0 1 1 0 0 7
1 0 1 1 0 1 13
1 0 1 1 1 0 3
1 0 1 1 1 1 7
1 1 0 0 0 0 17
1 1 0 0 0 1 13
1 1 0 0 1 0 4
1 1 0 0 1 1 0
1 1 0 1 0 0 1
1 1 0 1 0 1 12
1 1 0 1 1 0 19
1 1 0 1 1 1 0
1 1 1 0 0 0 4
1 1 1 0 0 1 2
1 1 1 0 1 0 11
1 1 1 0 1 1 14
1 1 1 1 0 0 10
1 1 1 1 0 1 5
1 1 1 1 1 0 14
1 1 1 1 1 1 10
3 10 12 14 0 8
0 0 0 10
0 0 1 3
0 1 0 2
0 1 1 17
1 0 0 5
1 0 1 20
1 1 0 4
1 1 1 4
3 15 12 7 0 8
0 0 0 12
0 0 1 11
0 1 0 11
0 1 1 13
1 0 0 12
1 0 1 3
1 1 0 4
1 1 1 16
5 2 4 7 8 9 0 32
0 0 0 0 0 17
0 0 0 0 1 10
0 0 0 1 0 7
0 0 0 1 1 15
0 0 1 0 0 1
0 0 1 0 1 11
0 0 1 1 0 5
0 0 1 1 1 5
0 1 0 0 0 17
0 1 0 0 1 15
0 1 0 1 0 7
0 1 0 1 1 4
0 1 1 0 0 1
0 1 1 0 1 6
0 1 1 1 0 14
0 1 1 1 1 17
1 0 0 0 0 11
1 0 0 0 1 10
1 0 0 1 0 4
1 0 0 1 1 17
1 0 1 0 0 3
1 0 1 0 1 1
1 0 1 1 0 7
1 0 1 1 1 1
1 1 0 0 0 9
1 1 0 0 1 0
1 1 0 1 0 14
1 1 0 1 1 8
1 1 1 0 0 3
1 1 1 0 1 15
1 1 1 1 0 0
1 1 1 1 1 0
4 0 1 12 13 0 16
0 0 0 0 20
0 0 0 1 0
0 0 1 0 17
0 0 1 1 3
0 1 0 0 12
0 1 0 1 18
0 1 1 0 8
0 1 1 1 7
1 0 0 0 20
1 0 0 1 8
1 0 1 0 8
1 0 1 1 12
1 1 0 0 12
1 1 0 1 0
1 1 1 0 4
1 1 1 1 8
3 8 1 14 0 8
0 0 0 20
0 0 1 13
0 1 0 19
0 1 1 9
1 0 0 0
1 0 1 3
1 1 0 2
1 1 1 11
6 0 2 4 7 13 14 0 64
0 0 0 0 0 0 5
0 0 0 0 0 1 20
0 0 0 0 1 0 9
0 0 0 0 1 1 10
0 0 0 1 0 0 18
0 0 0 1 0 1 10
0 0 0 1 1 0 10
0 0 0 1 1 1 18
0 0 1 0 0 0 2
0 0 1 0 0 1 9
0 0 1 0 1 0 20
0 0 1 0 1 1 14
0 0 1 1 0 0 1
0 0 1 1 0 1 8
0 0 1 1 1 0 14
0 0 1 1 1 1 12
0 1 0 0 0 0 5
0 1 0 0 0 1 2
0 1 0 0 1 0 5
0 1 0 0 1 1 12
0 1 0 1 0 0 0
0 1 0 1 0 1 3
0 1 0 1 1 0 19
0 1 0 1 1 1 5
0 1 1 0 0 0 7
0 1 1 0 0 1 8
0 1 1 0 1 0 16
0 1 1 0 1 1 12
0 1 1 1 0 0 17
0 1 1 1 0 1 13
0 1 1 1 1 0 16
0 1 1 1 1 1 10
1 0 0 0 0 0 11
1 0 0 0 0 1 3
1 0 0 0 1 0 0
1 0 0 0 1 1 17
1 0 0 1 0 0 11
1 0 0 1 0 1 7
1 0 0 1 1 0 8
1 0 0 1 1 1 14
1 0 1 0 0 0 9
1 0 1 0 0 1 2
1 0 1 0 1 0 4
1 0 1 0 1 1 3
1 0 1 1 0 0 17
1 0 1 1 0 1 12
1 0 1 1 1 0 20
1 0 1 1 1 1 16
1 1 0 0 0 0 19
1 1 0 0 0 1 14
1 1 0 0 1 0 13
1 1 0 0 1 1 19
1 1 0 1 0 0 12
1 1 0 1 0 1 6
1 1 0 1 1 0 13
1 1 0 1 1 1 0
1 1 1 0 0 0 4
1 1 1 0 0 1 4
1 1 1 0 1 0 10
1 1 1 0 1 1 17
1 1 1 1 0 0 16
1 1 1 1 0 1 19
1 1 1 1 1 0 16
1 1 1 1 1 1 15
3 9 4 14 0 8
0 0 0 18
0 0 1 15
0 1 0 19
0 1 1 0
1 0 0 5
1 0 1 2
1 1 0 11
1 1 1 20
3 9 5 15 0 8
0 0 0 2
0 0 1 14
0 1 0 11
0 1 1 16
1 0 0 12
1 0 1 8
1 1 0 6
1 1 1 16
4 0 10 12 6 0 16
0 0 0 0 7
0 0 0 1 6
0 0 1 0 10
0 0 1 1 12
0 1 0 0 16
0 1 0 1 3
0 1 1 0 13
0 1 1 1 6
1 0 0 0 2
1 0 0 1 18
1 0 1 0 0
1 0 1 1 0
1 1 0 0 14
1 1 0 1 11
1 1 1 0 10
1 1 1 1 15
6 5 6 7 12 13 14 0 64
0 0 0 0 0 0 10
0 0 0 0 0 1 8
0 0 0 0 1 0 9
0 0 0 0 1 1 10
0 0 0 1 0 0 4
0 0 0 1 0 1 0
0 0 0 1 1 0 11
0 0 0 1 1 1 6
0 0 1 0 0 0 13
0 0 1 0 0 1 4
0 0 1 0 1 0 0
0 0 1 0 1 1 13
0 0 1 1 0 0 10
0 0 1 1 0 1 12
0 0 1 1 1 0 11
0 0 1 1 1 1 12
0 1 0 0 0 0 6
0 1 0 0 0 1 7
0 1 0 0 1 0 16
0 1 0 0 1 1 18
0 1 0 1 0 0 7
0 1 0 1 0 1 1
0 1 0 1 1 0 11
0 1 0 1 1 1 6
0 1 1 0 0 0 19
0 1 1 0 0 1 8
0 1 1 0 1 0 18
0 1 1 0 1 1 16
0 1 1 1 0 0 14
0 1 1 1 0 1 7
0 1 1 1 1 0 2
0 1 1 1 1 1 3
1 0 0 0 0 0 4
1 0 0 0 0 1 4
1 0 0 0 1 0 8
1 0 0 0 1 1 2
1 0 0 1 0 0 20
1 0 0 1 0 1 1
1 0 0 1 1 0 19
1 0 0 1 1 1 17
1 0 1 0 0 0 9
1 0 1 0 0 1 2
1 0 1 0 1 0 18
1 0 1 0 1 1 1
1 0 1 1 0 0 12
1 0 1 1 0 1 9
1 0 1 1 1 0 9
1 0 1 1 1 1 14
1 1 0 0 0 0 20
1 1 0 0 0 1 8
1 1 0 0 1 0 14
1 1 0 0 1 1 9
1 1 0 1 0 0 15
1 1 0 1 0 1 0
1 1 0 1 1 0 5
1 1 0 1 1 1 8
1 1 1 0 0 0 14
1 1 1 0 0 1 4
1 1 1 0 1 0 20
1 1 1 0 1 1 15
1 1 1 1 0 0 13
1 1 1 1 0 1 7
1 1 1 1 1 0 13
1 1 1 1 1 1 1
3 0 5 7 0 8
0 0 0 3
0 0 1 14
0 1 0 8
0 1 1 3
1 0 0 12
1 0 1 20
1 1 0 4
1 1 1 6
2 0 12 0 4
0 0 4
0 1 8
1 0 11
1 1 19
2 11 14 0 4
0 0 12
0 1 14
1 0 4
1 1 4
4 0 9 3 7 0 16
0 0 0 0 6
0 0 0 1 12
0 0 1 0 11
0 0 1 1 7
0 1 0 0 11
0 1 0 1 16
0 1 1 0 15
0 1 1 1 19
1 0 0 0 1
1 0 0 1 4
1 0 1 0 13
1 0 1 1 5
1 1 0 0 17
1 1 0 1 3
1 1 1 0 1
1 1 1 1 10
2 2 10 0 4
0 0 7
0 1 12
1 0 20
1 1 2
1 8 0 2
0 4
1 7
6 2 4 6 7 9 13 0 64
0 0 0 0 0 0 19
0 0 0 0 0 1 14
0 0 0 0 1 0 3
0 0 0 0 1 1 5
0 0 0 1 0 0 9
0 0 0 1 0 1 13
0 0 0 1 1 0 17
0 0 0 1 1 1 6
0 0 1 0 0 0 2
0 0 1 0 0 1 13
0 0 1 0 1 0 10
0 0 1 0 1 1 12
0 0 1 1 0 0 19
0 0 1 1 0 1 9
0 0 1 1 1 0 4
0 0 1 1 1 1 16
0 1 0 0 0 0 20
0 1 0 0 0 1 19
0 1 0 0 1 0 8
0 1 0 0 1 1 8
0 1 0 1 0 0 17
0 1 0 1 0 1 5
0 1 0 1 1 0 9
0 1 0 1 1 1 1
0 1 1 0 0 0 7
0 1 1 0 0 1 15
0 1 1 0 1 0 3
0 1 1 0 1 1 8
0 1 1 1 0 0 8
0 1 1 1 0 1 2
0 1 1 1 1 0 13
0 1 1 1 1 1 0
1 0 0 0 0 0 16
1 0 0 0 0 1 16
1 0 0 0 1 0 2
1 0 0 0 1 1 5
1 0 0 1 0 0 18
1 0 0 1 0 1 16
1 0 0 1 1 0 1
1 0 0 1 1 1 20
1 0 1 0 0 0 16
1 0 1 0 0 1 6
1 0 1 0 1 0 8
1 0 1 0 1 1 12
1 0 1 1 0 0 18
1 0 1 1 0 1 20
1 0 1 1 1 0 16
1 0 1 1 1 1 6
1 1 0 0 0 0 7
1 1 0 0 0 1 20
1 1 0 0 1 0 20
1 1 0 0 1 1 10
1 1 0 1 0 0 20
1 1 0 1 0 1 7
1 1 0 1 1 0 13
1 1 0 1 1 1 14
1 1 1 0 0 0 11
1 1 1 0 0 1 2
1 1 1 0 1 0 7
1 1 1 0 1 1 2
1 1 1 1 0 0 10
1 1 1 1 0 1 10
1 1 1 1 1 0 15
1 1 1 1 1 1 11
3 9 12 13 0 8
0 0 0 14
0 0 1 2
0 1 0 4
0 1 1 13
1 0 0 0
1 0 1 11
1 1 0 11
1 1 1 15
6 2 6 7 11 14 15 0 64
0 0 0 0 0 0 19
0 0 0 0 0 1 12
0 0 0 0 1 0 6
0 0 0 0 1 1 20
0 0 0 1 0 0 18
0 0 0 1 0 1 18
0 0 0 1 1 0 14
0 0 0 1 1 1 17
0 0 1 0 0 0 17
0 0 1 0 0 1 2
0 0 1 0 1 0 17
0 0 1 0 1 1 17
0 0 1 1 0 0 14
0 0 1 1 0 1 9
0 0 1 1 1 0 8
0 0 1 1 1 1 19
0 1 0 0 0 0 4
0 1 0 0 0 1 1
0 1 0 0 1 0 11
0 1 0 0 1 1 20
0 1 0 1 0 0 19
0 1 0 1 0 1 1
0 1 0 1 1 0 16
0 1 0 1 1 1 1
0 1 1 0 0 0 14
0 1 1 0 0 1 7
0 1 1 0 1 0 3
0 1 1 0 1 1 15
0 1 1 1 0 0 19
0 1 1 1 0 1 3
0 1 1 1 1 0 19
0 1 1 1 1 1 8
1 0 0 0 0 0 2
1 0 0 0 0 1 19
1 0 0 0 1 0 3
1 0 0 0 1 1 3
1 0 0 1 0 0 20
1 0 0 1 0 1 3
1 0 0 1 1 0 16
1 0 0 1 1 1 7
1 0 1 0 0 0 9
1 0 1 0 0 1 12
1 0 1 0 1 0 4
1 0 1 0 1 1 10
1 0 1 1 0 0 2
1 0 1 1 0 1 13
1 0 1 1 1 0 19
1 0 1 1 1 1 20
1 1 0 0 0 0 15
1 1 0 0 0 1 11
1 1 0 0 1 0 13
1 1 0 0 1 1 15
1 1 0 1 0 0 19
1 1 0 1 0 1 3
1 1 0 1 1 0 14
1 1 0 1 1 1 1
1 1 1 0 0 0 14
1 1 1 0 0 1 20
1 1 1 0 1 0 7
1 1 1 0 1 1 6
1 1 1 1 0 0 6
1 1 1 1 0 1 3
1 1 1 1 1 0 13
1 1 1 1 1 1 15
6 5 7 10 11 13 14 0 64
0 0 0 0 0 0 7
0 0 0 0 0 1 0
0 0 0 0 1 0 19
0 0 0 0 1 1 19
0 0 0 1 0 0 13
0 0 0 1 0 1 8
0 0 0 1 1 0 17
0 0 0 1 1 1 13
0 0 1 0 0 0 4
0 0 1 0 0 1 15
0 0 1 0 1 0 16
0 0 1 0 1 1 17
0 0 1 1 0 0 0
0 0 1 1 0 1 7
0 0 1 1 1 0 14
0 0 1 1 1 1 16
0 1 0 0 0 0 6
0 1 0 0 0 1 10
0 1 0 0 1 0 2
0 1 0 0 1 1 20
0 1 0 1 0 0 16
0 1 0 1 0 1 0
0 1 0 1 1 0 10
0 1 0 1 1 1 1
0 1 1 0 0 0 13
0 1 1 0 0 1 15
0 1 1 0 1 0 14
0 1 1 0 1 1 7
0 1 1 1 0 0 12
0 1 1 1 0 1 9
0 1 1 1 1 0 2
0 1 1 1 1 1 15
1 0 0 0 0 0 16
1 0 0 0 0 1 4
1 0 0 0 1 0 3
1 0 0 0 1 1 16
1 0 0 1 0 0 7
1 0 0 1 0 1 8
1 0 0 1 1 0 20
1 0 0 1 1 1 16
1 0 1 0 0 0 18
1 0 1 0 0 1 3
1 0 1 0 1 0 10
1 0 1 0 1 1 8
1 0 1 1 0 0 7
1 0 1 1 0 1 16
1 0 1 1 1 0 7
1 0 1 1 1 1 6
1 1 0 0 0 0 10
1 1 0 0 0 1 20
1 1 0 0 1 0 19
1 1 0 0 1 1 6
1 1 0 1 0 0 16
1 1 0 1 0 1 7
1 1 0 1 1 0 12
1 1 0 1 1 1 9
1 1 1 0 0 0 18
1 1 1 0 0 1 7
1 1 1 0 1 0 18
1 1 1 0 1 1 9
1 1 1 1 0 0 19
1 1 1 1 0 1 5
1 1 1 1 1 0 10
1 1 1 1 1 1 8
3 9 11 5 0 8
0 0 0 9
0 0 1 10
0 1 0 17
0 1 1 2
1 0 0 5
1 0 1 20
1 1 0 0
1 1 1 16
6 2 3 5 7 10 15 0 64
0 0 0 0 0 0 18
0 0 0 0 0 1 4
0 0 0 0 1 0 12
0 0 0 0 1 1 6
0 0 0 1 0 0 15
0 0 0 1 0 1 19
0 0 0 1 1 0 16
0 0 0 1 1 1 11
0 0 1 0 0 0 16
0 0 1 0 0 1 12
0 0 1 0 1 0 5
0 0 1 0 1 1 5
0 0 1 1 0 0 5
0 0 1 1 0 1 18
0 0 1 1 1 0 5
0 0 1 1 1 1 10
0 1 0 0 0 0 5
0 1 0 0 0 1 13
0 1 0 0 1 0 7
0 1 0 0 1 1 19
0 1 0 1 0 0 11
0 1 0 1 0 1 18
0 1 0 1 1 0 4
0 1 0 1 1 1 16
0 1 1 0 0 0 1
0 1 1 0 0 1 18
0 1 1 0 1 0 5
0 1 1 0 1 1 19
0 1 1 1 0 0 0
0 1 1 1 0 1 0
0 1 1 1 1 0 13
0 1 1 1 1 1 3
1 0 0 0 0 0 19
1 0 0 0 0 1 15
1 0 0 0 1 0 19
1 0 0 0 1 1 4
1 0 0 1 0 0 15
1 0 0 1 0 1 19
1 0 0 1 1 0 4
1 0 0 1 1 1 0
1 0 1 0 0 0 8
1 0 1 0 0 1 11
1 0 1 0 1 0 6
1 0 1 0 1 1 14
1 0 1 1 0 0 4
1 0 1 1 0 1 1
1 0 1 1 1 0 3
1 0 1 1 1 1 18
1 1 0 0 0 0 8
1 1 0 0 0 1 20
1 1 0 0 1 0 15
1 1 0 0 1 1 6
1 1 0 1 0 0 2
1 1 0 1 0 1 12
1 1 0 1 1 0 18
1 1 0 1 1 1 11
1 1 1 0 0 0 15
1 1 1 0 0 1 14
1 1 1 0 1 0 1
1 1 1 0 1 1 7
1 1 1 1 0 0 4
1 1 1 1 0 1 9
1 1 1 1 1 0 3
1 1 1 1 1 1 4
1 11 0 2
0 15
1 0
6 3 5 8 9 10 11 0 64
0 0 0 0 0 0 19
0 0 0 0 0 1 20
0 0 0 0 1 0 6
0 0 0 0 1 1 20
0 0 0 1 0 0 3
0 0 0 1 0 1 18
0 0 0 1 1 0 8
0 0 0 1 1 1 3
0 0 1 0 0 0 4
0 0 1 0 0 1 11
0 0 1 0 1 0 3
0 0 1 0 1 1 0
0 0 1 1 0 0 18
0 0 1 1 0 1 12
0 0 1 1 1 0 3
0 0 1 1 1 1 20
0 1 0 0 0 0 18
0 1 0 0 0 1 12
0 1 0 0 1 0 7
0 1 0 0 1 1 17
0 1 0 1 0 0 17
0 1 0 1 0 1 16
0 1 0 1 1 0 14
0 1 0 1 1 1 14
0 1 1 0 0 0 4
0 1 1 0 0 1 5
0 1 1 0 1 0 4
0 1 1 0 1 1 12
0 1 1 1 0 0 18
0 1 1 1 0 1 15
0 1 1 1 1 0 9
0 1 1 1 1 1 20
1 0 0 0 0 0 11
1 0 0 0 0 1 14
1 0 0 0 1 0 9
1 0 0 0 1 1 16
1 0 0 1 0 0 11
1 0 0 1 0 1 1
1 0 0 1 1 0 3
1 0 0 1 1 1 20
1 0 1 0 0 0 18
1 0 1 0 0 1 7
1 0 1 0 1 0 16
1 0 1 0 1 1 6
1 0 1 1 0 0 10
1 0 1 1 0 1 17
1 0 1 1 1 0 10
1 0 1 1 1 1 3
1 1 0 0 0 0 12
1 1 0 0 0 1 10
1 1 0 0 1 0 2
1 1 0 0 1 1 18
1 1 0 1 0 0 17
1 1 0 1 0 1 6
1 1 0 1 1 0 16
1 1 0 1 1 1 13
1 1 1 0 0 0 7
1 1 1 0 0 1 9
1 1 1 0 1 0 20
1 1 1 0 1 1 11
1 1 1 1 0 0 17
1 1 1 1 0 1 9
1 1 1 1 1 0 4
1 1 1 1 1 1 16
5 4 6 11 13 15 0 32
0 0 0 0 0 20
0 0 0 0 1 6
0 0 0 1 0 6
0 0 0 1 1 14
0 0 1 0 0 5
0 0 1 0 1 15
0 0 1 1 0 16
0 0 1 1 1 8
0 1 0 0 0 1
0 1 0 0 1 1
0 1 0 1 0 4
0 1 0 1 1 8
0 1 1 0 0 17
0 1 1 0 1 17
0 1 1 1 0 14
0 1 1 1 1 9
1 0 0 0 0 9
1 0 0 0 1 15
1 0 0 1 0 9
1 0 0 1 1 7
1 0 1 0 0 18
1 0 1 0 1 14
1 0 1 1 0 12
1 0 1 1 1 14
1 1 0 0 0 3
1 1 0 0 1 19
1 1 0 1 0 9
1 1 0 1 1 16
1 1 1 0 0 1
1 1 1 0 1 20
1 1 1 1 0 6
1 1 1 1 1 5
2 6 14 0 4
0 0 6
0 1 1
1 0 12
1 1 3
6 0 2 8 9 10 14 0 64
0 0 0 0 0 0 19
0 0 0 0 0 1 0
0 0 0 0 1 0 8
0 0 0 0 1 1 14
0 0 0 1 0 0 18
0 0 0 1 0 1 12
0 0 0 1 1 0 8
0 0 0 1 1 1 20
0 0 1 0 0 0 0
0 0 1 0 0 1 1
0 0 1 0 1 0 17
0 0 1 0 1 1 5
0 0 1 1 0 0 19
0 0 1 1 0 1 15
0 0 1 1 1 0 7
0 0 1 1 1 1 10
0 1 0 0 0 0 16
0 1 0 0 0 1 0
0 1 0 0 1 0 12
0 1 0 0 1 1 19
0 1 0 1 0 0 10
0 1 0 1 0 1 5
0 1 0 1 1 0 15
0 1 0 1 1 1 0
0 1 1 0 0 0 5
0 1 1 0 0 1 3
0 1 1 0 1 0 14
0 1 1 0 1 1 15
0 1 1 1 0 0 17
0 1 1 1 0 1 8
0 1 1 1 1 0 12
0 1 1 1 1 1 13
1 0 0 0 0 0 12
1 0 0 0 0 1 15
1 0 0 0 1 0 2
1 0 0 0 1 1 15
1 0 0 1 0 0 1
1 0 0 1 0 1 5
1 0 0 1 1 0 14
1 0 0 1 1 1 18
1 0 1 0 0 0 3
1 0 1 0 0 1 6
1 0 1 0 1 0 17
1 0 1 0 1 1 14
1 0 1 1 0 0 17
1 0 1 1 0 1 11
1 0 1 1 1 0 4
1 0 1 1 1 1 8
1 1 0 0 0 0 13
1 1 0 0 0 1 13
1 1 0 0 1 0 17
1 1 0 0 1 1 11
1 1 0 1 0 0 11
1 1 0 1 0 1 16
1 1 0 1 1 0 10
1 1 0 1 1 1 7
1 1 1 0 0 0 14
1 1 1 0 0 1 6
1 1 1 0 1 0 5
1 1 1 0 1 1 18
1 1 1 1 0 0 5
1 1 1 1 0 1 16
1 1 1 1 1 0 13
1 1 1 1 1 1 17
5 0 2 3 5 7 0 32
0 0 0 0 0 9
0 0 0 0 1 7
0 0 0 1 0 4
0 0 0 1 1 17
0 0 1 0 0 8
0 0 1 0 1 16
0 0 1 1 0 5
0 0 1 1 1 20
0 1 0 0 0 11
0 1 0 0 1 0
0 1 0 1 0 0
0 1 0 1 1 9
0 1 1 0 0 18
0 1 1 0 1 1
0 1 1 1 0 10
0 1 1 1 1 19
1 0 0 0 0 13
1 0 0 0 1 2
1 0 0 1 0 1
1 0 0 1 1 10
1 0 1 0 0 2
1 0 1 0 1 19
1 0 1 1 0 17
1 0 1 1 1 3
1 1 0 0 0 4
1 1 0 0 1 13
1 1 0 1 0 4
1 1 0 1 1 4
1 1 1 0 0 1
1 1 1 0 1 1
1 1 1 1 0 14
1 1 1 1 1 2
