unknown 44 2 64 99999
1 1 1 2 2 2 2 2 2 1 1 2 2 2 1 2 1 1 2 1 1 1 1 1 2 2 1 1 1 1 1 2 1 1 1 1 2 1 2 1 2 2 1 1
2 2 2 2 2 2 2 2 2 2 2 2 2 2 2 2 2 2 2 2 2 2 2 2 2 2 2 2 2 2 2 2 2 2 2 2 2 2 2 2 2 2 2 2 
4 16 17 21 15 0 16
0 0 0 0 20
0 0 0 1 10
0 0 1 0 12
0 0 1 1 15
0 1 0 0 11
0 1 0 1 13
0 1 1 0 17
0 1 1 1 12
1 0 0 0 10
1 0 0 1 12
1 0 1 0 13
1 0 1 1 14
1 1 0 0 17
1 1 0 1 4
1 1 1 0 0
1 1 1 1 18
2 42 5 0 4
0 0 15
0 1 15
1 0 8
1 1 10
2 34 13 0 4
0 0 1
0 1 4
1 0 1
1 1 7
2 18 7 0 4
0 0 2
0 1 0
1 0 10
1 1 10
1 32 0 2
0 8
1 6
5 36 5 6 8 14 0 32
0 0 0 0 0 10
0 0 0 0 1 1
0 0 0 1 0 9
0 0 0 1 1 1
0 0 1 0 0 14
0 0 1 0 1 6
0 0 1 1 0 8
0 0 1 1 1 11
0 1 0 0 0 8
0 1 0 0 1 13
0 1 0 1 0 1
0 1 0 1 1 0
0 1 1 0 0 8
0 1 1 0 1 9
0 1 1 1 0 8
0 1 1 1 1 7
1 0 0 0 0 18
1 0 0 0 1 17
1 0 0 1 0 6
1 0 0 1 1 12
1 0 1 0 0 0
1 0 1 0 1 0
1 0 1 1 0 11
1 0 1 1 1 14
1 1 0 0 0 10
1 1 0 0 1 20
1 1 0 1 0 11
1 1 0 1 1 10
1 1 1 0 0 6
1 1 1 0 1 10
1 1 1 1 0 13
1 1 1 1 1 8
6 32 4 7 42 17 31 0 64
0 0 0 0 0 0 1
0 0 0 0 0 1 2
0 0 0 0 1 0 3
0 0 0 0 1 1 1
0 0 0 1 0 0 16
0 0 0 1 0 1 10
0 0 0 1 1 0 13
0 0 0 1 1 1 13
0 0 1 0 0 0 14
0 0 1 0 0 1 4
0 0 1 0 1 0 13
0 0 1 0 1 1 0
0 0 1 1 0 0 6
0 0 1 1 0 1 10
0 0 1 1 1 0 7
0 0 1 1 1 1 2
0 1 0 0 0 0 18
0 1 0 0 0 1 6
0 1 0 0 1 0 11
0 1 0 0 1 1 15
0 1 0 1 0 0 17
0 1 0 1 0 1 17
0 1 0 1 1 0 18
0 1 0 1 1 1 15
0 1 1 0 0 0 3
0 1 1 0 0 1 18
0 1 1 0 1 0 1
0 1 1 0 1 1 11
0 1 1 1 0 0 17
0 1 1 1 0 1 14
0 1 1 1 1 0 12
0 1 1 1 1 1 10
1 0 0 0 0 0 9
1 0 0 0 0 1 19
1 0 0 0 1 0 18
1 0 0 0 1 1 16
1 0 0 1 0 0 14
1 0 0 1 0 1 2
1 0 0 1 1 0 2
1 0 0 1 1 1 12
1 0 1 0 0 0 5
1 0 1 0 0 1 17
1 0 1 0 1 0 3
1 0 1 0 1 1 6
1 0 1 1 0 0 3
1 0 1 1 0 1 15
1 0 1 1 1 0 1
1 0 1 1 1 1 4
1 1 0 0 0 0 14
1 1 0 0 0 1 6
1 1 0 0 1 0 14
1 1 0 0 1 1 2
1 1 0 1 0 0 16
1 1 0 1 0 1 14
1 1 0 1 1 0 7
1 1 0 1 1 1 9
1 1 1 0 0 0 12
1 1 1 0 0 1 9
1 1 1 0 1 0 9
1 1 1 0 1 1 16
1 1 1 1 0 0 8
1 1 1 1 0 1 10
1 1 1 1 1 0 12
1 1 1 1 1 1 18
4 24 25 1 15 0 16
0 0 0 0 18
0 0 0 1 11
0 0 1 0 6
0 0 1 1 9
0 1 0 0 9
0 1 0 1 20
0 1 1 0 18
0 1 1 1 10
1 0 0 0 2
1 0 0 1 9
1 0 1 0 17
1 0 1 1 9
1 1 0 0 0
1 1 0 1 14
1 1 1 0 14
1 1 1 1 8
6 33 3 12 14 15 17 0 64
0 0 0 0 0 0 16
0 0 0 0 0 1 15
0 0 0 0 1 0 1
0 0 0 0 1 1 7
0 0 0 1 0 0 6
0 0 0 1 0 1 1
0 0 0 1 1 0 19
0 0 0 1 1 1 10
0 0 1 0 0 0 7
0 0 1 0 0 1 9
0 0 1 0 1 0 5
0 0 1 0 1 1 3
0 0 1 1 0 0 7
0 0 1 1 0 1 5
0 0 1 1 1 0 2
0 0 1 1 1 1 0
0 1 0 0 0 0 10
0 1 0 0 0 1 18
0 1 0 0 1 0 14
0 1 0 0 1 1 17
0 1 0 1 0 0 6
0 1 0 1 0 1 5
0 1 0 1 1 0 5
0 1 0 1 1 1 9
0 1 1 0 0 0 7
0 1 1 0 0 1 18
0 1 1 0 1 0 6
0 1 1 0 1 1 3
0 1 1 1 0 0 16
0 1 1 1 0 1 6
0 1 1 1 1 0 17
0 1 1 1 1 1 8
1 0 0 0 0 0 11
1 0 0 0 0 1 8
1 0 0 0 1 0 8
1 0 0 0 1 1 14
1 0 0 1 0 0 13
1 0 0 1 0 1 1
1 0 0 1 1 0 12
1 0 0 1 1 1 9
1 0 1 0 0 0 14
1 0 1 0 0 1 9
1 0 1 0 1 0 19
1 0 1 0 1 1 11
1 0 1 1 0 0 5
1 0 1 1 0 1 19
1 0 1 1 1 0 12
1 0 1 1 1 1 10
1 1 0 0 0 0 4
1 1 0 0 0 1 18
1 1 0 0 1 0 10
1 1 0 0 1 1 18
1 1 0 1 0 0 12
1 1 0 1 0 1 2
1 1 0 1 1 0 1
1 1 0 1 1 1 12
1 1 1 0 0 0 17
1 1 1 0 0 1 16
1 1 1 0 1 0 6
1 1 1 0 1 1 15
1 1 1 1 0 0 7
1 1 1 1 0 1 15
1 1 1 1 1 0 14
1 1 1 1 1 1 11
5 8 9 14 22 24 0 32
0 0 0 0 0 1
0 0 0 0 1 20
0 0 0 1 0 10
0 0 0 1 1 20
0 0 1 0 0 3
0 0 1 0 1 3
0 0 1 1 0 15
0 0 1 1 1 7
0 1 0 0 0 0
0 1 0 0 1 18
0 1 0 1 0 7
0 1 0 1 1 12
0 1 1 0 0 3
0 1 1 0 1 4
0 1 1 1 0 9
0 1 1 1 1 4
1 0 0 0 0 4
1 0 0 0 1 2
1 0 0 1 0 7
1 0 0 1 1 17
1 0 1 0 0 20
1 0 1 0 1 1
1 0 1 1 0 5
1 0 1 1 1 20
1 1 0 0 0 14
1 1 0 0 1 16
1 1 0 1 0 9
1 1 0 1 1 4
1 1 1 0 0 3
1 1 1 0 1 0
1 1 1 1 0 4
1 1 1 1 1 17
1 22 0 2
0 12
1 3
1 17 0 2
0 1
1 3
2 11 23 0 4
0 0 20
0 1 8
1 0 6
1 1 20
1 43 0 2
0 17
1 17
5 32 8 40 42 15 0 32
0 0 0 0 0 14
0 0 0 0 1 17
0 0 0 1 0 19
0 0 0 1 1 11
0 0 1 0 0 7
0 0 1 0 1 3
0 0 1 1 0 14
0 0 1 1 1 13
0 1 0 0 0 10
0 1 0 0 1 12
0 1 0 1 0 8
0 1 0 1 1 10
0 1 1 0 0 3
0 1 1 0 1 0
0 1 1 1 0 5
0 1 1 1 1 5
1 0 0 0 0 19
1 0 0 0 1 9
1 0 0 1 0 16
1 0 0 1 1 0
1 0 1 0 0 16
1 0 1 0 1 14
1 0 1 1 0 15
1 0 1 1 1 11
1 1 0 0 0 5
1 1 0 0 1 6
1 1 0 1 0 3
1 1 0 1 1 5
1 1 1 0 0 9
1 1 1 0 1 12
1 1 1 1 0 2
1 1 1 1 1 19
2 29 14 0 4
0 0 1
0 1 14
1 0 11
1 1 15
2 24 6 0 4
0 0 6
0 1 18
1 0 14
1 1 2
2 23 7 0 4
0 0 17
0 1 5
1 0 15
1 1 10
2 19 21 0 4
0 0 8
0 1 13
1 0 6
1 1 18
3 16 41 10 0 8
0 0 0 17
0 0 1 20
0 1 0 14
0 1 1 8
1 0 0 12
1 0 1 20
1 1 0 12
1 1 1 13
3 25 21 6 0 8
0 0 0 7
0 0 1 0
0 1 0 13
0 1 1 15
1 0 0 11
1 0 1 2
1 1 0 11
1 1 1 20
4 8 25 27 28 0 16
0 0 0 0 0
0 0 0 1 4
0 0 1 0 18
0 0 1 1 0
0 1 0 0 3
0 1 0 1 5
0 1 1 0 15
0 1 1 1 10
1 0 0 0 15
1 0 0 1 6
1 0 1 0 9
1 0 1 1 20
1 1 0 0 0
1 1 0 1 4
1 1 1 0 15
1 1 1 1 19
6 32 5 41 42 18 27 0 64
0 0 0 0 0 0 0
0 0 0 0 0 1 20
0 0 0 0 1 0 8
0 0 0 0 1 1 4
0 0 0 1 0 0 5
0 0 0 1 0 1 2
0 0 0 1 1 0 8
0 0 0 1 1 1 0
0 0 1 0 0 0 17
0 0 1 0 0 1 16
0 0 1 0 1 0 14
0 0 1 0 1 1 6
0 0 1 1 0 0 1
0 0 1 1 0 1 1
0 0 1 1 1 0 7
0 0 1 1 1 1 19
0 1 0 0 0 0 17
0 1 0 0 0 1 13
0 1 0 0 1 0 10
0 1 0 0 1 1 17
0 1 0 1 0 0 16
0 1 0 1 0 1 7
0 1 0 1 1 0 2
0 1 0 1 1 1 4
0 1 1 0 0 0 2
0 1 1 0 0 1 11
0 1 1 0 1 0 8
0 1 1 0 1 1 7
0 1 1 1 0 0 3
0 1 1 1 0 1 8
0 1 1 1 1 0 10
0 1 1 1 1 1 8
1 0 0 0 0 0 4
1 0 0 0 0 1 12
1 0 0 0 1 0 19
1 0 0 0 1 1 14
1 0 0 1 0 0 7
1 0 0 1 0 1 6
1 0 0 1 1 0 2
1 0 0 1 1 1 1
1 0 1 0 0 0 18
1 0 1 0 0 1 20
1 0 1 0 1 0 14
1 0 1 0 1 1 5
1 0 1 1 0 0 14
1 0 1 1 0 1 4
1 0 1 1 1 0 5
1 0 1 1 1 1 7
1 1 0 0 0 0 12
1 1 0 0 0 1 2
1 1 0 0 1 0 1
1 1 0 0 1 1 17
1 1 0 1 0 0 19
1 1 0 1 0 1 17
1 1 0 1 1 0 1
1 1 0 1 1 1 13
1 1 1 0 0 0 6
1 1 1 0 0 1 6
1 1 1 0 1 0 20
1 1 1 0 1 1 10
1 1 1 1 0 0 0
1 1 1 1 0 1 17
1 1 1 1 1 0 15
1 1 1 1 1 1 0
1 9 0 2
0 1
1 7
2 17 31 0 4
0 0 20
0 1 1
1 0 16
1 1 15
5 11 19 20 24 29 0 32
0 0 0 0 0 12
0 0 0 0 1 1
0 0 0 1 0 15
0 0 0 1 1 13
0 0 1 0 0 18
0 0 1 0 1 1
0 0 1 1 0 13
0 0 1 1 1 3
0 1 0 0 0 2
0 1 0 0 1 16
0 1 0 1 0 3
0 1 0 1 1 8
0 1 1 0 0 11
0 1 1 0 1 9
0 1 1 1 0 1
0 1 1 1 1 13
1 0 0 0 0 20
1 0 0 0 1 16
1 0 0 1 0 7
1 0 0 1 1 3
1 0 1 0 0 16
1 0 1 0 1 0
1 0 1 1 0 1
1 0 1 1 1 15
1 1 0 0 0 10
1 1 0 0 1 3
1 1 0 1 0 19
1 1 0 1 1 4
1 1 1 0 0 4
1 1 1 0 1 12
1 1 1 1 0 3
1 1 1 1 1 19
5 4 40 14 23 24 0 32
0 0 0 0 0 10
0 0 0 0 1 12
0 0 0 1 0 9
0 0 0 1 1 1
0 0 1 0 0 11
0 0 1 0 1 5
0 0 1 1 0 9
0 0 1 1 1 11
0 1 0 0 0 17
0 1 0 0 1 14
0 1 0 1 0 1
0 1 0 1 1 1
0 1 1 0 0 7
0 1 1 0 1 1
0 1 1 1 0 16
0 1 1 1 1 15
1 0 0 0 0 4
1 0 0 0 1 3
1 0 0 1 0 8
1 0 0 1 1 17
1 0 1 0 0 6
1 0 1 0 1 16
1 0 1 1 0 8
1 0 1 1 1 5
1 1 0 0 0 3
1 1 0 0 1 20
1 1 0 1 0 10
1 1 0 1 1 14
1 1 1 0 0 8
1 1 1 0 1 8
1 1 1 1 0 13
1 1 1 1 1 16
1 5 0 2
0 1
1 17
5 9 13 19 29 30 0 32
0 0 0 0 0 19
0 0 0 0 1 18
0 0 0 1 0 1
0 0 0 1 1 11
0 0 1 0 0 20
0 0 1 0 1 8
0 0 1 1 0 9
0 0 1 1 1 1
0 1 0 0 0 19
0 1 0 0 1 4
0 1 0 1 0 1
0 1 0 1 1 8
0 1 1 0 0 14
0 1 1 0 1 1
0 1 1 1 0 13
0 1 1 1 1 11
1 0 0 0 0 6
1 0 0 0 1 17
1 0 0 1 0 16
1 0 0 1 1 4
1 0 1 0 0 7
1 0 1 0 1 14
1 0 1 1 0 5
1 0 1 1 1 17
1 1 0 0 0 6
1 1 0 0 1 15
1 1 0 1 0 8
1 1 0 1 1 19
1 1 1 0 0 5
1 1 1 0 1 12
1 1 1 1 0 19
1 1 1 1 1 14
2 40 30 0 4
0 0 14
0 1 5
1 0 5
1 1 1
5 3 10 19 24 31 0 32
0 0 0 0 0 12
0 0 0 0 1 11
0 0 0 1 0 7
0 0 0 1 1 15
0 0 1 0 0 3
0 0 1 0 1 1
0 0 1 1 0 8
0 0 1 1 1 18
0 1 0 0 0 15
0 1 0 0 1 19
0 1 0 1 0 1
0 1 0 1 1 0
0 1 1 0 0 7
0 1 1 0 1 11
0 1 1 1 0 5
0 1 1 1 1 3
1 0 0 0 0 6
1 0 0 0 1 11
1 0 0 1 0 18
1 0 0 1 1 9
1 0 1 0 0 6
1 0 1 0 1 13
1 0 1 1 0 18
1 0 1 1 1 10
1 1 0 0 0 20
1 1 0 0 1 10
1 1 0 1 0 1
1 1 0 1 1 20
1 1 1 0 0 15
1 1 1 0 1 12
1 1 1 1 0 10
1 1 1 1 1 0
3 18 37 5 0 8
0 0 0 15
0 0 1 3
0 1 0 2
0 1 1 10
1 0 0 4
1 0 1 13
1 1 0 1
1 1 1 5
3 15 37 7 0 8
0 0 0 1
0 0 1 0
0 1 0 0
0 1 1 19
1 0 0 9
1 0 1 13
1 1 0 7
1 1 1 8
2 41 14 0 4
0 0 12
0 1 7
1 0 2
1 1 13
3 11 38 6 0 8
0 0 0 0
0 0 1 13
0 1 0 20
0 1 1 15
1 0 0 7
1 0 1 1
1 1 0 9
1 1 1 1
5 32 33 35 6 7 0 32
0 0 0 0 0 6
0 0 0 0 1 7
0 0 0 1 0 20
0 0 0 1 1 6
0 0 1 0 0 13
0 0 1 0 1 0
0 0 1 1 0 1
0 0 1 1 1 11
0 1 0 0 0 11
0 1 0 0 1 4
0 1 0 1 0 8
0 1 0 1 1 1
0 1 1 0 0 6
0 1 1 0 1 19
0 1 1 1 0 10
0 1 1 1 1 1
1 0 0 0 0 9
1 0 0 0 1 18
1 0 0 1 0 9
1 0 0 1 1 16
1 0 1 0 0 11
1 0 1 0 1 5
1 0 1 1 0 20
1 0 1 1 1 3
1 1 0 0 0 1
1 1 0 0 1 12
1 1 0 1 0 18
1 1 0 1 1 12
1 1 1 0 0 11
1 1 1 0 1 4
1 1 1 1 0 20
1 1 1 1 1 19
2 32 18 0 4
0 0 11
0 1 9
1 0 8
1 1 18
3 16 9 10 0 8
0 0 0 5
0 0 1 15
0 1 0 18
0 1 1 14
1 0 0 6
1 0 1 11
1 1 0 13
1 1 1 10
4 16 18 3 22 0 16
0 0 0 0 12
0 0 0 1 13
0 0 1 0 0
0 0 1 1 1
0 1 0 0 18
0 1 0 1 17
0 1 1 0 13
0 1 1 1 10
1 0 0 0 3
1 0 0 1 12
1 0 1 0 18
1 0 1 1 1
1 1 0 0 0
1 1 0 1 6
1 1 1 0 17
1 1 1 1 3
6 34 35 37 6 9 21 0 64
0 0 0 0 0 0 10
0 0 0 0 0 1 2
0 0 0 0 1 0 15
0 0 0 0 1 1 15
0 0 0 1 0 0 9
0 0 0 1 0 1 20
0 0 0 1 1 0 10
0 0 0 1 1 1 16
0 0 1 0 0 0 7
0 0 1 0 0 1 3
0 0 1 0 1 0 13
0 0 1 0 1 1 6
0 0 1 1 0 0 3
0 0 1 1 0 1 2
0 0 1 1 1 0 1
0 0 1 1 1 1 13
0 1 0 0 0 0 10
0 1 0 0 0 1 18
0 1 0 0 1 0 20
0 1 0 0 1 1 13
0 1 0 1 0 0 18
0 1 0 1 0 1 15
0 1 0 1 1 0 3
0 1 0 1 1 1 4
0 1 1 0 0 0 7
0 1 1 0 0 1 13
0 1 1 0 1 0 15
0 1 1 0 1 1 15
0 1 1 1 0 0 12
0 1 1 1 0 1 12
0 1 1 1 1 0 9
0 1 1 1 1 1 5
1 0 0 0 0 0 18
1 0 0 0 0 1 13
1 0 0 0 1 0 16
1 0 0 0 1 1 4
1 0 0 1 0 0 5
1 0 0 1 0 1 20
1 0 0 1 1 0 15
1 0 0 1 1 1 19
1 0 1 0 0 0 13
1 0 1 0 0 1 9
1 0 1 0 1 0 13
1 0 1 0 1 1 0
1 0 1 1 0 0 15
1 0 1 1 0 1 15
1 0 1 1 1 0 20
1 0 1 1 1 1 14
1 1 0 0 0 0 18
1 1 0 0 0 1 20
1 1 0 0 1 0 11
1 1 0 0 1 1 7
1 1 0 1 0 0 6
1 1 0 1 0 1 8
1 1 0 1 1 0 14
1 1 0 1 1 1 19
1 1 1 0 0 0 8
1 1 1 0 0 1 18
1 1 1 0 1 0 8
1 1 1 0 1 1 17
1 1 1 1 0 0 8
1 1 1 1 0 1 8
1 1 1 1 1 0 13
1 1 1 1 1 1 13
5 32 40 9 16 19 0 32
0 0 0 0 0 17
0 0 0 0 1 4
0 0 0 1 0 4
0 0 0 1 1 9
0 0 1 0 0 12
0 0 1 0 1 10
0 0 1 1 0 16
0 0 1 1 1 8
0 1 0 0 0 3
0 1 0 0 1 17
0 1 0 1 0 10
0 1 0 1 1 20
0 1 1 0 0 18
0 1 1 0 1 19
0 1 1 1 0 1
0 1 1 1 1 7
1 0 0 0 0 20
1 0 0 0 1 6
1 0 0 1 0 2
1 0 0 1 1 20
1 0 1 0 0 9
1 0 1 0 1 14
1 0 1 1 0 7
1 0 1 1 1 14
1 1 0 0 0 19
1 1 0 0 1 0
1 1 0 1 0 12
1 1 0 1 1 2
1 1 1 0 0 7
1 1 1 0 1 12
1 1 1 1 0 3
1 1 1 1 1 14
2 8 30 0 4
0 0 3
0 1 10
1 0 2
1 1 10
2 9 13 0 4
0 0 15
0 1 12
1 0 18
1 1 13
3 8 17 23 0 8
0 0 0 18
0 0 1 20
0 1 0 17
0 1 1 20
1 0 0 7
1 0 1 16
1 1 0 1
1 1 1 10
5 0 42 11 27 28 0 32
0 0 0 0 0 18
0 0 0 0 1 1
0 0 0 1 0 17
0 0 0 1 1 17
0 0 1 0 0 4
0 0 1 0 1 14
0 0 1 1 0 17
0 0 1 1 1 7
0 1 0 0 0 18
0 1 0 0 1 16
0 1 0 1 0 6
0 1 0 1 1 7
0 1 1 0 0 12
0 1 1 0 1 17
0 1 1 1 0 6
0 1 1 1 1 11
1 0 0 0 0 3
1 0 0 0 1 8
1 0 0 1 0 13
1 0 0 1 1 9
1 0 1 0 0 6
1 0 1 0 1 12
1 0 1 1 0 1
1 0 1 1 1 14
1 1 0 0 0 17
1 1 0 0 1 6
1 1 0 1 0 7
1 1 0 1 1 16
1 1 1 0 0 11
1 1 1 0 1 14
1 1 1 1 0 14
1 1 1 1 1 3
4 17 34 27 15 0 16
0 0 0 0 7
0 0 0 1 18
0 0 1 0 6
0 0 1 1 3
0 1 0 0 13
0 1 0 1 2
0 1 1 0 8
0 1 1 1 3
1 0 0 0 0
1 0 0 1 0
1 0 1 0 3
1 0 1 1 11
1 1 0 0 1
1 1 0 1 1
1 1 1 0 1
1 1 1 1 0
1 13 0 2
0 18
1 5
2 28 5 0 4
0 0 15
0 1 15
1 0 2
1 1 15
2 33 31 0 4
0 0 19
0 1 15
1 0 13
1 1 16
5 2 8 18 20 25 0 32
0 0 0 0 0 2
0 0 0 0 1 0
0 0 0 1 0 6
0 0 0 1 1 15
0 0 1 0 0 0
0 0 1 0 1 2
0 0 1 1 0 17
0 0 1 1 1 20
0 1 0 0 0 20
0 1 0 0 1 20
0 1 0 1 0 15
0 1 0 1 1 20
0 1 1 0 0 12
0 1 1 0 1 9
0 1 1 1 0 7
0 1 1 1 1 12
1 0 0 0 0 12
1 0 0 0 1 2
1 0 0 1 0 20
1 0 0 1 1 15
1 0 1 0 0 9
1 0 1 0 1 0
1 0 1 1 0 7
1 0 1 1 1 12
1 1 0 0 0 18
1 1 0 0 1 12
1 1 0 1 0 18
1 1 0 1 1 1
1 1 1 0 0 2
1 1 1 0 1 2
1 1 1 1 0 20
1 1 1 1 1 3
2 17 22 0 4
0 0 19
0 1 3
1 0 3
1 1 2
4 9 27 6 7 0 16
0 0 0 0 0
0 0 0 1 6
0 0 1 0 16
0 0 1 1 15
0 1 0 0 1
0 1 0 1 0
0 1 1 0 7
0 1 1 1 9
1 0 0 0 13
1 0 0 1 14
1 0 1 0 16
1 0 1 1 11
1 1 0 0 1
1 1 0 1 19
1 1 1 0 17
1 1 1 1 0
1 0 0 2
0 12
1 10
2 29 15 0 4
0 0 2
0 1 1
1 0 16
1 1 6
1 1 0 2
0 7
1 9
5 2 3 37 41 19 0 32
0 0 0 0 0 20
0 0 0 0 1 0
0 0 0 1 0 20
0 0 0 1 1 11
0 0 1 0 0 8
0 0 1 0 1 6
0 0 1 1 0 19
0 0 1 1 1 6
0 1 0 0 0 19
0 1 0 0 1 14
0 1 0 1 0 7
0 1 0 1 1 14
0 1 1 0 0 15
0 1 1 0 1 16
0 1 1 1 0 17
0 1 1 1 1 4
1 0 0 0 0 13
1 0 0 0 1 14
1 0 0 1 0 2
1 0 0 1 1 8
1 0 1 0 0 14
1 0 1 0 1 13
1 0 1 1 0 0
1 0 1 1 1 13
1 1 0 0 0 8
1 1 0 0 1 17
1 1 0 1 0 13
1 1 0 1 1 14
1 1 1 0 0 1
1 1 1 0 1 16
1 1 1 1 0 16
1 1 1 1 1 15
6 0 1 35 9 20 22 0 64
0 0 0 0 0 0 18
0 0 0 0 0 1 7
0 0 0 0 1 0 13
0 0 0 0 1 1 16
0 0 0 1 0 0 1
0 0 0 1 0 1 18
0 0 0 1 1 0 0
0 0 0 1 1 1 10
0 0 1 0 0 0 18
0 0 1 0 0 1 10
0 0 1 0 1 0 5
0 0 1 0 1 1 4
0 0 1 1 0 0 13
0 0 1 1 0 1 19
0 0 1 1 1 0 5
0 0 1 1 1 1 0
0 1 0 0 0 0 0
0 1 0 0 0 1 7
0 1 0 0 1 0 9
0 1 0 0 1 1 14
0 1 0 1 0 0 1
0 1 0 1 0 1 6
0 1 0 1 1 0 14
0 1 0 1 1 1 12
0 1 1 0 0 0 4
0 1 1 0 0 1 4
0 1 1 0 1 0 12
0 1 1 0 1 1 6
0 1 1 1 0 0 18
0 1 1 1 0 1 5
0 1 1 1 1 0 5
0 1 1 1 1 1 14
1 0 0 0 0 0 20
1 0 0 0 0 1 6
1 0 0 0 1 0 14
1 0 0 0 1 1 9
1 0 0 1 0 0 3
1 0 0 1 0 1 4
1 0 0 1 1 0 8
1 0 0 1 1 1 14
1 0 1 0 0 0 20
1 0 1 0 0 1 1
1 0 1 0 1 0 4
1 0 1 0 1 1 11
1 0 1 1 0 0 11
1 0 1 1 0 1 15
1 0 1 1 1 0 5
1 0 1 1 1 1 3
1 1 0 0 0 0 8
1 1 0 0 0 1 6
1 1 0 0 1 0 9
1 1 0 0 1 1 15
1 1 0 1 0 0 11
1 1 0 1 0 1 0
1 1 0 1 1 0 13
1 1 0 1 1 1 6
1 1 1 0 0 0 9
1 1 1 0 0 1 5
1 1 1 0 1 0 11
1 1 1 0 1 1 4
1 1 1 1 0 0 6
1 1 1 1 0 1 3
1 1 1 1 1 0 6
1 1 1 1 1 1 9
1 40 0 2
0 10
1 14
2 41 33 0 4
0 0 7
0 1 8
1 0 0
1 1 14
4 25 10 26 22 0 16
0 0 0 0 17
0 0 0 1 13
0 0 1 0 18
0 0 1 1 15
0 1 0 0 6
0 1 0 1 1
0 1 1 0 4
0 1 1 1 20
1 0 0 0 1
1 0 0 1 7
1 0 1 0 5
1 0 1 1 8
1 1 0 0 4
1 1 0 1 9
1 1 1 0 5
1 1 1 1 17
6 36 9 11 14 21 23 0 64
0 0 0 0 0 0 13
0 0 0 0 0 1 20
0 0 0 0 1 0 12
0 0 0 0 1 1 18
0 0 0 1 0 0 10
0 0 0 1 0 1 4
0 0 0 1 1 0 15
0 0 0 1 1 1 6
0 0 1 0 0 0 8
0 0 1 0 0 1 4
0 0 1 0 1 0 12
0 0 1 0 1 1 10
0 0 1 1 0 0 11
0 0 1 1 0 1 2
0 0 1 1 1 0 7
0 0 1 1 1 1 0
0 1 0 0 0 0 14
0 1 0 0 0 1 20
0 1 0 0 1 0 3
0 1 0 0 1 1 7
0 1 0 1 0 0 18
0 1 0 1 0 1 13
0 1 0 1 1 0 1
0 1 0 1 1 1 1
0 1 1 0 0 0 4
0 1 1 0 0 1 16
0 1 1 0 1 0 10
0 1 1 0 1 1 10
0 1 1 1 0 0 6
0 1 1 1 0 1 2
0 1 1 1 1 0 1
0 1 1 1 1 1 14
1 0 0 0 0 0 13
1 0 0 0 0 1 11
1 0 0 0 1 0 13
1 0 0 0 1 1 2
1 0 0 1 0 0 18
1 0 0 1 0 1 1
1 0 0 1 1 0 16
1 0 0 1 1 1 0
1 0 1 0 0 0 20
1 0 1 0 0 1 15
1 0 1 0 1 0 4
1 0 1 0 1 1 2
1 0 1 1 0 0 15
1 0 1 1 0 1 5
1 0 1 1 1 0 18
1 0 1 1 1 1 14
1 1 0 0 0 0 3
1 1 0 0 0 1 7
1 1 0 0 1 0 2
1 1 0 0 1 1 0
1 1 0 1 0 0 14
1 1 0 1 0 1 10
1 1 0 1 1 0 12
1 1 0 1 1 1 6
1 1 1 0 0 0 20
1 1 1 0 0 1 20
1 1 1 0 1 0 19
1 1 1 0 1 1 12
1 1 1 1 0 0 17
1 1 1 1 0 1 17
1 1 1 1 1 0 4
1 1 1 1 1 1 18
4 9 5 17 30 0 16
0 0 0 0 9
0 0 0 1 18
0 0 1 0 15
0 0 1 1 2
0 1 0 0 10
0 1 0 1 0
0 1 1 0 4
0 1 1 1 5
1 0 0 0 8
1 0 0 1 5
1 0 1 0 12
1 0 1 1 3
1 1 0 0 10
1 1 0 1 14
1 1 1 0 12
1 1 1 1 0
6 34 35 17 18 23 27 0 64
0 0 0 0 0 0 6
0 0 0 0 0 1 14
0 0 0 0 1 0 6
0 0 0 0 1 1 12
0 0 0 1 0 0 6
0 0 0 1 0 1 17
0 0 0 1 1 0 8
0 0 0 1 1 1 19
0 0 1 0 0 0 18
0 0 1 0 0 1 9
0 0 1 0 1 0 16
0 0 1 0 1 1 19
0 0 1 1 0 0 19
0 0 1 1 0 1 0
0 0 1 1 1 0 3
0 0 1 1 1 1 14
0 1 0 0 0 0 18
0 1 0 0 0 1 14
0 1 0 0 1 0 18
0 1 0 0 1 1 0
0 1 0 1 0 0 20
0 1 0 1 0 1 6
0 1 0 1 1 0 17
0 1 0 1 1 1 16
0 1 1 0 0 0 17
0 1 1 0 0 1 4
0 1 1 0 1 0 11
0 1 1 0 1 1 19
0 1 1 1 0 0 7
0 1 1 1 0 1 1
0 1 1 1 1 0 13
0 1 1 1 1 1 6
1 0 0 0 0 0 7
1 0 0 0 0 1 17
1 0 0 0 1 0 13
1 0 0 0 1 1 15
1 0 0 1 0 0 2
1 0 0 1 0 1 7
1 0 0 1 1 0 12
1 0 0 1 1 1 5
1 0 1 0 0 0 19
1 0 1 0 0 1 12
1 0 1 0 1 0 13
1 0 1 0 1 1 7
1 0 1 1 0 0 17
1 0 1 1 0 1 7
1 0 1 1 1 0 9
1 0 1 1 1 1 8
1 1 0 0 0 0 10
1 1 0 0 0 1 10
1 1 0 0 1 0 14
1 1 0 0 1 1 6
1 1 0 1 0 0 8
1 1 0 1 0 1 6
1 1 0 1 1 0 2
1 1 0 1 1 1 12
1 1 1 0 0 0 16
1 1 1 0 0 1 9
1 1 1 0 1 0 16
1 1 1 0 1 1 10
1 1 1 1 0 0 5
1 1 1 1 0 1 20
1 1 1 1 1 0 2
1 1 1 1 1 1 19
1 31 0 2
0 17
1 14
