unknown 45 2 19 99999
1 2 1 1 1 1 2 1 1 2 2 2 1 1 1 1 2 1 2 1 1 2 2 2 2 2 1 2 2 1 2 1 2 2 1 1 2 2 2 2 1 2 2 1 1
2 2 2 2 2 2 2 2 2 2 2 2 2 2 2 2 2 2 2 2 2 2 2 2 2 2 2 2 2 2 2 2 2 2 2 2 2 2 2 2 2 2 2 2 2 
3 25 2 37 0 8
0 0 0 20
0 0 1 3
0 1 0 10
0 1 1 15
1 0 0 10
1 0 1 6
1 1 0 8
1 1 1 20
6 32 33 4 6 26 27 0 64
0 0 0 0 0 0 11
0 0 0 0 0 1 2
0 0 0 0 1 0 6
0 0 0 0 1 1 3
0 0 0 1 0 0 18
0 0 0 1 0 1 17
0 0 0 1 1 0 1
0 0 0 1 1 1 9
0 0 1 0 0 0 4
0 0 1 0 0 1 13
0 0 1 0 1 0 11
0 0 1 0 1 1 11
0 0 1 1 0 0 16
0 0 1 1 0 1 0
0 0 1 1 1 0 9
0 0 1 1 1 1 16
0 1 0 0 0 0 19
0 1 0 0 0 1 13
0 1 0 0 1 0 8
0 1 0 0 1 1 6
0 1 0 1 0 0 11
0 1 0 1 0 1 8
0 1 0 1 1 0 12
0 1 0 1 1 1 1
0 1 1 0 0 0 13
0 1 1 0 0 1 13
0 1 1 0 1 0 10
0 1 1 0 1 1 9
0 1 1 1 0 0 16
0 1 1 1 0 1 2
0 1 1 1 1 0 16
0 1 1 1 1 1 0
1 0 0 0 0 0 5
1 0 0 0 0 1 10
1 0 0 0 1 0 9
1 0 0 0 1 1 7
1 0 0 1 0 0 11
1 0 0 1 0 1 2
1 0 0 1 1 0 18
1 0 0 1 1 1 1
1 0 1 0 0 0 9
1 0 1 0 0 1 6
1 0 1 0 1 0 5
1 0 1 0 1 1 6
1 0 1 1 0 0 13
1 0 1 1 0 1 5
1 0 1 1 1 0 12
1 0 1 1 1 1 20
1 1 0 0 0 0 17
1 1 0 0 0 1 20
1 1 0 0 1 0 4
1 1 0 0 1 1 20
1 1 0 1 0 0 4
1 1 0 1 0 1 9
1 1 0 1 1 0 12
1 1 0 1 1 1 13
1 1 1 0 0 0 0
1 1 1 0 0 1 4
1 1 1 0 1 0 19
1 1 1 0 1 1 13
1 1 1 1 0 0 10
1 1 1 1 0 1 6
1 1 1 1 1 0 17
1 1 1 1 1 1 17
3 0 9 39 0 8
0 0 0 4
0 0 1 8
0 1 0 18
0 1 1 8
1 0 0 12
1 0 1 3
1 1 0 1
1 1 1 20
5 6 10 11 21 26 0 32
0 0 0 0 0 15
0 0 0 0 1 13
0 0 0 1 0 8
0 0 0 1 1 7
0 0 1 0 0 3
0 0 1 0 1 15
0 0 1 1 0 11
0 0 1 1 1 14
0 1 0 0 0 18
0 1 0 0 1 18
0 1 0 1 0 9
0 1 0 1 1 15
0 1 1 0 0 18
0 1 1 0 1 2
0 1 1 1 0 10
0 1 1 1 1 12
1 0 0 0 0 11
1 0 0 0 1 17
1 0 0 1 0 4
1 0 0 1 1 9
1 0 1 0 0 9
1 0 1 0 1 0
1 0 1 1 0 2
1 0 1 1 1 16
1 1 0 0 0 16
1 1 0 0 1 15
1 1 0 1 0 10
1 1 0 1 1 7
1 1 1 0 0 10
1 1 1 0 1 8
1 1 1 1 0 7
1 1 1 1 1 5
2 1 34 0 4
0 0 8
0 1 11
1 0 9
1 1 19
1 7 0 2
0 13
1 13
4 32 34 35 29 0 16
0 0 0 0 19
0 0 0 1 15
0 0 1 0 20
0 0 1 1 5
0 1 0 0 9
0 1 0 1 8
0 1 1 0 13
0 1 1 1 7
1 0 0 0 6
1 0 0 1 20
1 0 1 0 18
1 0 1 1 0
1 1 0 0 4
1 1 0 1 16
1 1 1 0 11
1 1 1 1 16
1 19 0 2
0 0
1 16
5 42 20 23 26 27 0 32
0 0 0 0 0 9
0 0 0 0 1 20
0 0 0 1 0 11
0 0 0 1 1 0
0 0 1 0 0 20
0 0 1 0 1 19
0 0 1 1 0 17
0 0 1 1 1 8
0 1 0 0 0 12
0 1 0 0 1 16
0 1 0 1 0 17
0 1 0 1 1 18
0 1 1 0 0 2
0 1 1 0 1 7
0 1 1 1 0 17
0 1 1 1 1 18
1 0 0 0 0 9
1 0 0 0 1 6
1 0 0 1 0 14
1 0 0 1 1 19
1 0 1 0 0 12
1 0 1 0 1 14
1 0 1 1 0 20
1 0 1 1 1 1
1 1 0 0 0 1
1 1 0 0 1 20
1 1 0 1 0 17
1 1 0 1 1 13
1 1 1 0 0 18
1 1 1 0 1 2
1 1 1 1 0 7
1 1 1 1 1 19
1 0 0 2
0 6
1 20
5 40 43 12 27 31 0 32
0 0 0 0 0 15
0 0 0 0 1 19
0 0 0 1 0 10
0 0 0 1 1 5
0 0 1 0 0 14
0 0 1 0 1 20
0 0 1 1 0 6
0 0 1 1 1 20
0 1 0 0 0 8
0 1 0 0 1 17
0 1 0 1 0 4
0 1 0 1 1 15
0 1 1 0 0 16
0 1 1 0 1 11
0 1 1 1 0 7
0 1 1 1 1 1
1 0 0 0 0 17
1 0 0 0 1 1
1 0 0 1 0 11
1 0 0 1 1 4
1 0 1 0 0 5
1 0 1 0 1 17
1 0 1 1 0 20
1 0 1 1 1 5
1 1 0 0 0 14
1 1 0 0 1 17
1 1 0 1 0 16
1 1 0 1 1 6
1 1 1 0 0 4
1 1 1 0 1 17
1 1 1 1 0 1
1 1 1 1 1 7
2 4 31 0 4
0 0 4
0 1 16
1 0 10
1 1 17
2 11 37 0 4
0 0 18
0 1 17
1 0 4
1 1 3
4 35 2 27 12 0 16
0 0 0 0 1
0 0 0 1 1
0 0 1 0 15
0 0 1 1 14
0 1 0 0 9
0 1 0 1 9
0 1 1 0 6
0 1 1 1 7
1 0 0 0 7
1 0 0 1 14
1 0 1 0 7
1 0 1 1 15
1 1 0 0 17
1 1 0 1 0
1 1 1 0 8
1 1 1 1 15
5 3 36 43 30 31 0 32
0 0 0 0 0 7
0 0 0 0 1 14
0 0 0 1 0 11
0 0 0 1 1 6
0 0 1 0 0 1
0 0 1 0 1 19
0 0 1 1 0 14
0 0 1 1 1 1
0 1 0 0 0 15
0 1 0 0 1 0
0 1 0 1 0 5
0 1 0 1 1 16
0 1 1 0 0 20
0 1 1 0 1 11
0 1 1 1 0 12
0 1 1 1 1 8
1 0 0 0 0 9
1 0 0 0 1 16
1 0 0 1 0 7
1 0 0 1 1 9
1 0 1 0 0 0
1 0 1 0 1 15
1 0 1 1 0 10
1 0 1 1 1 14
1 1 0 0 0 10
1 1 0 0 1 15
1 1 0 1 0 7
1 1 0 1 1 10
1 1 1 0 0 15
1 1 1 0 1 3
1 1 1 1 0 10
1 1 1 1 1 6
3 33 4 41 0 8
0 0 0 16
0 0 1 2
0 1 0 1
0 1 1 6
1 0 0 8
1 0 1 20
1 1 0 7
1 1 1 11
5 35 3 37 40 26 0 32
0 0 0 0 0 7
0 0 0 0 1 8
0 0 0 1 0 17
0 0 0 1 1 18
0 0 1 0 0 18
0 0 1 0 1 13
0 0 1 1 0 6
0 0 1 1 1 2
0 1 0 0 0 6
0 1 0 0 1 2
0 1 0 1 0 6
0 1 0 1 1 13
0 1 1 0 0 10
0 1 1 0 1 11
0 1 1 1 0 13
0 1 1 1 1 14
1 0 0 0 0 13
1 0 0 0 1 11
1 0 0 1 0 0
1 0 0 1 1 17
1 0 1 0 0 8
1 0 1 0 1 15
1 0 1 1 0 0
1 0 1 1 1 15
1 1 0 0 0 0
1 1 0 0 1 17
1 1 0 1 0 15
1 1 0 1 1 8
1 1 1 0 0 19
1 1 1 0 1 7
1 1 1 1 0 6
1 1 1 1 1 17
3 38 27 30 0 8
0 0 0 16
0 0 1 8
0 1 0 3
0 1 1 12
1 0 0 0
1 0 1 10
1 1 0 19
1 1 1 6
5 20 24 28 29 31 0 32
0 0 0 0 0 8
0 0 0 0 1 16
0 0 0 1 0 9
0 0 0 1 1 0
0 0 1 0 0 3
0 0 1 0 1 3
0 0 1 1 0 16
0 0 1 1 1 17
0 1 0 0 0 7
0 1 0 0 1 16
0 1 0 1 0 2
0 1 0 1 1 5
0 1 1 0 0 5
0 1 1 0 1 13
0 1 1 1 0 9
0 1 1 1 1 19
1 0 0 0 0 11
1 0 0 0 1 15
1 0 0 1 0 20
1 0 0 1 1 6
1 0 1 0 0 14
1 0 1 0 1 3
1 0 1 1 0 10
1 0 1 1 1 15
1 1 0 0 0 20
1 1 0 0 1 9
1 1 0 1 0 9
1 1 0 1 1 15
1 1 1 0 0 7
1 1 1 0 1 19
1 1 1 1 0 5
1 1 1 1 1 16
